,concentration,drug_name,fraction,logfc,pvalue,statistic,timepoint,bonferroni_pvalue,start,end
0,0.01,Alpelisib,nuclear,-0.199328181423,2.05931295221e-08,2985833.5,24,6.92E-06,0,1
1,0.031623,Alpelisib,nuclear,-0.000154357633091,0.238478278938,3128000.5,24,1,1,2
2,0.1,Alpelisib,nuclear,-0.455058055146,1.21004688762e-42,2237399.5,24,4.07E-40,2,3
3,0.31623,Alpelisib,nuclear,-0.0687332203446,0.387869662397,2810109.0,24,1,3,4
4,1.0,Alpelisib,nuclear,0.804490491888,1.74940532572e-100,1494100.5,24,5.88E-98,4,5
5,3.1623,Alpelisib,nuclear,0.694381666124,8.28794382433e-63,1393307.5,24,2.78E-60,5,6
6,10.0,Alpelisib,nuclear,-0.376592536729,2.69495047484e-22,1861345.0,24,9.06E-20,6,7
7,0.01,Alpelisib,nuclear,0.125968635022,2.18252708484e-16,35642253.5,48,7.33E-14,7,8
8,0.031623,Alpelisib,nuclear,0.139606922996,3.29611009043e-34,31991001.0,48,1.11E-31,8,9
9,0.1,Alpelisib,nuclear,-0.178108374437,3.87702554125e-44,30514921.5,48,1.30E-41,9,10
10,0.31623,Alpelisib,nuclear,0.497566477326,9.36541166482e-192,19299339.0,48,3.15E-189,10,11
11,1.0,Alpelisib,nuclear,1.12916232239,0.0,8417354.5,48,0.00E+00,11,12
12,3.1623,Alpelisib,nuclear,1.24992319069,0.0,6016637.0,48,0.00E+00,12,13
13,10.0,Alpelisib,nuclear,0.702430111153,3.52969452124e-96,6305789.0,48,1.19E-93,13,14
14,0.01,Alpelisib,nuclear,0.164206728575,4.42634985702e-178,309466818.0,72,1.49E-175,14,15
15,0.031623,Alpelisib,nuclear,0.897935608718,0.0,76151133.5,72,0.00E+00,15,16
16,0.1,Alpelisib,nuclear,-0.119306279356,5.96297153345e-97,228574904.0,72,2.00E-94,16,17
17,0.31623,Alpelisib,nuclear,0.157621139452,4.61161410575e-80,222783420.5,72,1.55E-77,17,18
18,1.0,Alpelisib,nuclear,0.432506797895,0.0,144060186.5,72,0.00E+00,18,19
19,3.1623,Alpelisib,nuclear,0.241492702662,8.24313164023e-192,144080657.5,72,2.77E-189,19,20
20,10.0,Alpelisib,nuclear,1.16273189007,0.0,11413044.5,72,0.00E+00,20,21
21,0.01,Dasatinib,nuclear,-0.301192426997,7.01585122118e-16,3284723.5,24,2.36E-13,0,1
22,0.031623,Dasatinib,nuclear,-1.81223266702,3.31576497732e-240,2000529.5,24,1.11E-237,1,2
23,0.1,Dasatinib,nuclear,1.90398475955,3.50979316973e-238,394206.0,24,1.18E-235,2,3
24,0.31623,Dasatinib,nuclear,0.695658185924,1.40934466484e-53,1053286.5,24,4.74E-51,3,4
25,1.0,Dasatinib,nuclear,2.29600033078,3.03117228563e-99,268005.0,24,1.02E-96,4,5
26,3.1623,Dasatinib,nuclear,1.84401716421,4.55253337162e-111,299871.0,24,1.53E-108,5,6
27,10.0,Dasatinib,nuclear,1.07009121497,2.80212290058e-20,397682.0,24,9.42E-18,6,7
28,0.01,Dasatinib,nuclear,0.0771481549339,1.64791493974e-12,34886283.0,48,5.54E-10,7,8
29,0.031623,Dasatinib,nuclear,0.690552582656,6.36149859009e-260,15544482.0,48,2.14E-257,8,9
30,0.1,Dasatinib,nuclear,2.41146257981,0.0,1074809.0,48,0.00E+00,9,10
31,0.31623,Dasatinib,nuclear,2.23512379394,0.0,1561622.5,48,0.00E+00,10,11
32,1.0,Dasatinib,nuclear,3.35998366077,0.0,101780.0,48,0.00E+00,11,12
33,3.1623,Dasatinib,nuclear,3.10718358259,3.42946540475e-223,141332.5,48,1.15E-220,12,13
34,10.0,Dasatinib,nuclear,3.04698841052,1.07544288635e-35,194340.0,48,3.61E-33,13,14
35,0.01,Dasatinib,nuclear,0.0945148346801,6.89446965577e-51,194428047.0,72,2.32E-48,14,15
36,0.031623,Dasatinib,nuclear,0.805008122068,0.0,68206491.5,72,0.00E+00,15,16
37,0.1,Dasatinib,nuclear,1.9485666702,0.0,8619193.5,72,0.00E+00,16,17
38,0.31623,Dasatinib,nuclear,2.21176540689,0.0,2120455.5,72,0.00E+00,17,18
39,1.0,Dasatinib,nuclear,2.66949971329,0.0,4210562.0,72,0.00E+00,18,19
40,3.1623,Dasatinib,nuclear,-1.57065857291,8.99067950014e-44,8998131.5,72,3.02E-41,19,20
41,10.0,Dasatinib,nuclear,-1.62966438563,1.65486541033e-191,5276185.5,72,5.56E-189,20,21
42,0.01,Etoposide,nuclear,0.770706384263,1.26498658019e-146,1757654.0,24,4.25E-144,0,1
43,0.031623,Etoposide,nuclear,0.0848097301095,6.20801808177e-06,3438028.5,24,2.09E-03,1,2
44,0.1,Etoposide,nuclear,1.02633625278,1.16518234275e-149,1323786.5,24,3.92E-147,2,3
45,0.31623,Etoposide,nuclear,-0.209164023062,2.24995071952e-12,2203035.5,24,7.56E-10,3,4
46,1.0,Etoposide,nuclear,1.00359272079,1.6207378071e-115,678083.0,24,5.45E-113,4,5
47,3.1623,Etoposide,nuclear,0.141968257603,4.34865889098e-05,1402005.5,24,1.46E-02,5,6
48,10.0,Etoposide,nuclear,-0.554353193363,1.29601566871e-18,883633.5,24,4.35E-16,6,7
49,0.01,Etoposide,nuclear,0.36782174605,1.57851295316e-137,25451395.0,48,5.30E-135,7,8
50,0.031623,Etoposide,nuclear,0.241217926659,4.08401671812e-45,27342573.0,48,1.37E-42,8,9
51,0.1,Etoposide,nuclear,1.50337878875,0.0,5721015.5,48,0.00E+00,9,10
52,0.31623,Etoposide,nuclear,0.350013739652,1.05422211695e-41,13657093.5,48,3.54E-39,10,11
53,1.0,Etoposide,nuclear,1.08779878539,4.27596049557e-125,2833099.5,48,1.44E-122,11,12
54,3.1623,Etoposide,nuclear,0.98379093875,1.52099374196e-101,2268651.0,48,5.11E-99,12,13
55,10.0,Etoposide,nuclear,1.00995516389,2.86241913428e-76,1976094.0,48,9.62E-74,13,14
56,0.01,Etoposide,nuclear,-0.0941150379675,3.38792513301e-59,260059530.0,72,1.14E-56,14,15
57,0.031623,Etoposide,nuclear,0.890629804002,0.0,62449085.5,72,0.00E+00,15,16
58,0.1,Etoposide,nuclear,0.107368733447,2.06823718712e-29,162361970.5,72,6.95E-27,16,17
59,0.31623,Etoposide,nuclear,0.157247904143,1.10769115119e-39,70618737.0,72,3.72E-37,17,18
60,1.0,Etoposide,nuclear,1.58156415781,0.0,4130738.5,72,0.00E+00,18,19
61,3.1623,Etoposide,nuclear,1.88333801233,1.34748974449e-264,1878011.5,72,4.53E-262,19,20
62,10.0,Etoposide,nuclear,-1.60894591228,0.0,22245864.5,72,0.00E+00,20,21
63,0.001,Neratinib,nuclear,0.755703798438,1.461934706e-131,2031041.5,24,4.91E-129,0,1
64,0.0032,Neratinib,nuclear,0.109564883477,4.74952884188e-10,3555529.0,24,1.60E-07,1,2
65,0.01,Neratinib,nuclear,0.841441241491,2.36224091801e-91,1454538.5,24,7.94E-89,2,3
66,0.031623,Neratinib,nuclear,0.597032581884,2.4762056168e-47,1574669.0,24,8.32E-45,3,4
67,0.1,Neratinib,nuclear,-0.551962614665,5.00311843624e-46,1775058.0,24,1.68E-43,4,5
68,0.31623,Neratinib,nuclear,0.0599637907589,0.0135386743384,2170354.5,24,1,5,6
69,1.0,Neratinib,nuclear,-0.573120969854,2.49519611316e-49,1394895.5,24,8.38E-47,6,7
70,0.001,Neratinib,nuclear,0.815900971829,0.0,16803862.0,48,0.00E+00,7,8
71,0.0032,Neratinib,nuclear,-0.160654236361,4.08939591335e-46,38034327.0,48,1.37E-43,8,9
72,0.01,Neratinib,nuclear,0.884831408631,0.0,13108980.0,48,0.00E+00,9,10
73,0.031623,Neratinib,nuclear,0.700496104954,6.17260375514e-272,11028856.0,48,2.07E-269,10,11
74,0.1,Neratinib,nuclear,0.59718599425,1.21389352598e-121,8293691.0,48,4.08E-119,11,12
75,0.31623,Neratinib,nuclear,1.74078975678,0.0,1735843.0,48,0.00E+00,12,13
76,1.0,Neratinib,nuclear,1.19912898619,6.06011793924e-170,3085844.0,48,2.04E-167,13,14
77,0.001,Neratinib,nuclear,0.446317786688,0.0,193549733.0,72,0.00E+00,14,15
78,0.0032,Neratinib,nuclear,0.100252751344,4.20731221295e-78,339038849.5,72,1.41E-75,15,16
79,0.01,Neratinib,nuclear,0.90371256444,0.0,70838661.0,72,0.00E+00,16,17
80,0.031623,Neratinib,nuclear,0.449773134433,0.0,106383433.5,72,0.00E+00,17,18
81,0.1,Neratinib,nuclear,1.24027841961,0.0,18106786.5,72,0.00E+00,18,19
82,0.31623,Neratinib,nuclear,1.74104458752,0.0,2987946.5,72,0.00E+00,19,20
83,1.0,Neratinib,nuclear,2.38359203167,8.02399501252e-211,2764493.0,72,2.70E-208,20,21
84,0.0001,Paclitaxel,nuclear,0.930989644397,1.81198347239e-146,1762149.5,24,6.09E-144,0,1
85,0.00032,Paclitaxel,nuclear,-0.653691224381,5.48972408517e-66,2125043.5,24,1.84E-63,1,2
86,0.001,Paclitaxel,nuclear,-0.540795246009,5.9900943772e-53,1966529.0,24,2.01E-50,2,3
87,0.0031623,Paclitaxel,nuclear,0.463985525811,1.34520691321e-49,1643699.0,24,4.52E-47,3,4
88,0.01,Paclitaxel,nuclear,0.894517175859,1.71651836884e-67,787024.5,24,5.77E-65,4,5
89,0.031623,Paclitaxel,nuclear,-2.00316334025,0.0,1199432.5,24,0.00E+00,5,6
90,0.1,Paclitaxel,nuclear,0.884137661645,1.1470224542e-15,430569.0,24,3.85E-13,6,7
91,0.0001,Paclitaxel,nuclear,0.92631041064,0.0,14843415.5,48,0.00E+00,7,8
92,0.00032,Paclitaxel,nuclear,-0.265755463074,1.1314770232e-56,28673320.0,48,3.80E-54,8,9
93,0.001,Paclitaxel,nuclear,0.144811697935,3.14435552645e-12,20910381.5,48,1.06E-09,9,10
94,0.0031623,Paclitaxel,nuclear,1.33176626133,1.15099121782e-197,4333141.5,48,3.87E-195,10,11
95,0.01,Paclitaxel,nuclear,1.86066108978,6.10855759558e-232,588422.5,48,2.05E-229,11,12
96,0.031623,Paclitaxel,nuclear,2.27839815909,4.38061865376e-72,275291.5,48,1.47E-69,12,13
97,0.1,Paclitaxel,nuclear,2.67738968881,3.16424768886e-55,62786.0,48,1.06E-52,13,14
98,0.0001,Paclitaxel,nuclear,0.425988934991,0.0,189868119.5,72,0.00E+00,14,15
99,0.00032,Paclitaxel,nuclear,0.166484585534,3.45806053972e-199,296970731.5,72,1.16E-196,15,16
100,0.001,Paclitaxel,nuclear,0.907842995722,0.0,53333180.5,72,0.00E+00,16,17
101,0.0031623,Paclitaxel,nuclear,2.75262915619,3.35255706026e-257,739147.0,72,1.13E-254,17,18
102,0.01,Paclitaxel,nuclear,0.698388790161,0.0448033334605,14107010.5,72,1,18,19
103,0.031623,Paclitaxel,nuclear,-1.62620991981,1.60091610167e-271,7444352.5,72,5.38E-269,19,20
104,0.1,Paclitaxel,nuclear,-1.64392656315,0.0,4946843.5,72,0.00E+00,20,21
105,0.01,Palbociclib,nuclear,-0.290603557805,3.10046534926e-19,2505634.5,24,1.04E-16,0,1
106,0.031623,Palbociclib,nuclear,0.580713069878,1.74464602471e-85,2296750.0,24,5.86E-83,1,2
107,0.1,Palbociclib,nuclear,0.127747771573,1.00190403817e-06,2299053.5,24,3.37E-04,2,3
108,0.31623,Palbociclib,nuclear,-0.443791025011,2.74061314864e-33,2112909.0,24,9.21E-31,3,4
109,1.0,Palbociclib,nuclear,-0.805607759372,3.45624151761e-67,1100810.0,24,1.16E-64,4,5
110,3.1623,Palbociclib,nuclear,0.413729492267,5.1016276207e-27,1734812.5,24,1.71E-24,5,6
111,10.0,Palbociclib,nuclear,0.0577555138062,0.00111933310515,2478506.5,24,3.76E-01,6,7
112,0.01,Palbociclib,nuclear,-0.0599336160304,0.00310168779689,36485269.0,48,1,7,8
113,0.031623,Palbociclib,nuclear,0.619896301116,5.30238201504e-305,22007219.5,48,1.78E-302,8,9
114,0.1,Palbociclib,nuclear,0.213438892527,3.17729067938e-44,24342457.5,48,1.07E-41,9,10
115,0.31623,Palbociclib,nuclear,0.0341593353651,0.42754257568,29713134.5,48,1,10,11
116,1.0,Palbociclib,nuclear,0.256796164355,1.22191822926e-25,13462801.5,48,4.11E-23,11,12
117,3.1623,Palbociclib,nuclear,1.11227377338,7.90325099197e-303,4567049.0,48,2.66E-300,12,13
118,10.0,Palbociclib,nuclear,0.829503606396,7.60557941523e-197,5641111.0,48,2.56E-194,13,14
119,0.01,Palbociclib,nuclear,-0.190075609254,1.6191545747e-269,212815331.0,72,5.44E-267,14,15
120,0.031623,Palbociclib,nuclear,0.109783082849,3.13843093731e-98,324397199.5,72,1.05E-95,15,16
121,0.1,Palbociclib,nuclear,0.695264663768,0.0,90606578.5,72,0.00E+00,16,17
122,0.31623,Palbociclib,nuclear,0.0625255175726,6.44121451175e-19,193875726.0,72,2.16E-16,17,18
123,1.0,Palbociclib,nuclear,0.953706487253,0.0,37758647.5,72,0.00E+00,18,19
124,3.1623,Palbociclib,nuclear,0.461769138665,0.0,57145852.0,72,0.00E+00,19,20
125,10.0,Palbociclib,nuclear,0.376561976122,3.46006215722e-144,41881855.5,72,1.16E-141,20,21
126,0.0003,Trametinib,nuclear,0.26343630135,5.51247459802e-24,2525308.5,24,1.85E-21,0,1
127,0.001,Trametinib,nuclear,0.189197040374,1.23677791907e-11,2721627.5,24,4.16E-09,1,2
128,0.0031623,Trametinib,nuclear,0.155932574415,2.1174970661e-10,2658487.0,24,7.11E-08,2,3
129,0.01,Trametinib,nuclear,0.392976727773,2.39508211762e-27,2033632.0,24,8.05E-25,3,4
130,0.031623,Trametinib,nuclear,-0.761308340203,6.99816268798e-97,1587771.0,24,2.35E-94,4,5
131,0.1,Trametinib,nuclear,-0.608526028653,1.23170354737e-60,1505197.0,24,4.14E-58,5,6
132,0.31623,Trametinib,nuclear,-0.298250226375,1.91718149306e-14,2386326.0,24,6.44E-12,6,7
133,0.0003,Trametinib,nuclear,0.379527075064,2.54503490545e-140,24834521.5,48,8.55E-138,7,8
134,0.001,Trametinib,nuclear,0.423423723912,1.14267332399e-130,18527946.5,48,3.84E-128,8,9
135,0.0031623,Trametinib,nuclear,0.85460968739,2.3328109787e-244,9348471.0,48,7.84E-242,9,10
136,0.01,Trametinib,nuclear,1.48000312167,0.0,2841278.5,48,0.00E+00,10,11
137,0.031623,Trametinib,nuclear,0.538647164496,2.26241273698e-52,5730893.0,48,7.60E-50,11,12
138,0.1,Trametinib,nuclear,0.464138194178,1.17021410629e-47,7147637.0,48,3.93E-45,12,13
139,0.31623,Trametinib,nuclear,1.14754097611,5.3265808393e-240,2793150.0,48,1.79E-237,13,14
140,0.0003,Trametinib,nuclear,0.512174509269,0.0,145003369.0,72,0.00E+00,14,15
141,0.001,Trametinib,nuclear,0.486629291543,0.0,114752665.0,72,0.00E+00,15,16
142,0.0031623,Trametinib,nuclear,2.04011153991,0.0,3134505.5,72,0.00E+00,16,17
143,0.01,Trametinib,nuclear,1.60226043083,0.0,5809582.5,72,0.00E+00,17,18
144,0.031623,Trametinib,nuclear,-1.63872372939,0.0,28217728.5,72,0.00E+00,18,19
145,0.1,Trametinib,nuclear,2.10851220489,0.0,1711775.0,72,0.00E+00,19,20
146,0.31623,Trametinib,nuclear,1.29504335785,0.0,9125619.0,72,0.00E+00,20,21
147,0.01,Vorinostat,nuclear,-0.873565456727,3.48307796854e-107,1700098.5,24,1.17E-104,0,1
148,0.031623,Vorinostat,nuclear,0.199262613316,2.9192237798e-17,2863229.0,24,9.81E-15,1,2
149,0.1,Vorinostat,nuclear,0.358867975142,1.36640721441e-34,2231507.0,24,4.59E-32,2,3
150,0.31623,Vorinostat,nuclear,-0.995603461229,1.44771074885e-96,1302761.5,24,4.86E-94,3,4
151,1.0,Vorinostat,nuclear,-1.03125093398,3.9281651787e-138,1416566.0,24,1.32E-135,4,5
152,3.1623,Vorinostat,nuclear,-0.889354612664,1.15959771646e-93,1372086.5,24,3.90E-91,5,6
153,10.0,Vorinostat,nuclear,-0.615032044218,1.44437245054e-55,1114195.5,24,4.85E-53,6,7
154,0.01,Vorinostat,nuclear,-0.276693042062,4.85485689281e-90,28291733.0,48,1.63E-87,7,8
155,0.031623,Vorinostat,nuclear,0.105482187456,2.43101739991e-18,33637654.0,48,8.17E-16,8,9
156,0.1,Vorinostat,nuclear,0.377878649965,1.29645127345e-133,24737203.0,48,4.36E-131,9,10
157,0.31623,Vorinostat,nuclear,-0.46152451162,1.61002110215e-192,16717578.5,48,5.41E-190,10,11
158,1.0,Vorinostat,nuclear,0.0196152113741,0.0131445201086,15327365.0,48,1,11,12
159,3.1623,Vorinostat,nuclear,-0.0778957482195,0.000175838774012,7350971.5,48,5.91E-02,12,13
160,10.0,Vorinostat,nuclear,0.584904458035,2.67380721968e-26,3712258.5,48,8.98E-24,13,14
161,0.01,Vorinostat,nuclear,0.246152568915,0.0,233155345.5,72,0.00E+00,14,15
162,0.031623,Vorinostat,nuclear,-0.0458183008452,4.9698207325e-29,318310681.0,72,1.67E-26,15,16
163,0.1,Vorinostat,nuclear,-0.0331777387718,4.00932251334e-11,269595677.0,72,1.35E-08,16,17
164,0.31623,Vorinostat,nuclear,-0.161589115107,2.36959071599e-143,180280699.5,72,7.96E-141,17,18
165,1.0,Vorinostat,nuclear,0.259803627892,5.43262320879e-138,61858952.0,72,1.83E-135,18,19
166,3.1623,Vorinostat,nuclear,1.7398561406,1.92021609804e-278,4049265.5,72,6.45E-276,19,20
167,10.0,Vorinostat,nuclear,-1.68117838509,0.0,28017897.5,72,0.00E+00,20,21
