,concentration,drug_name,fraction,logfc,pvalue,statistic,timepoint,bonferroni_pvalue,start,end
0,0.01,Alpelisib,cytosolic,-0.000824608932733,0.431038365347,3301375.0,24h,1.0,0,1
1,0.031623,Alpelisib,cytosolic,0.0364650902565,1.14865660113e-11,2782345.5,24h,3.85948617979e-09,1,2
2,0.1,Alpelisib,cytosolic,-0.0182406052219,3.95007528299e-07,2724595.5,24h,0.000132722529508,2,3
3,0.31623,Alpelisib,cytosolic,0.00707847811477,0.173826147858,2774750.0,24h,1.0,3,4
4,1.0,Alpelisib,cytosolic,0.0280771861089,1.230367371e-05,2367359.0,24h,0.00413403436656,4,5
5,3.1623,Alpelisib,cytosolic,-0.0371216027033,1.46068229616e-12,1842831.5,24h,4.90789251511e-10,5,6
6,10.0,Alpelisib,cytosolic,-0.0433988884532,8.97429436794e-20,1891044.5,24h,3.01536290763e-17,6,7
7,0.01,Alpelisib,cytosolic,-0.0135979836149,8.56040038344e-09,36567592.0,48h,2.87629452884e-06,7,8
8,0.031623,Alpelisib,cytosolic,0.0297538302976,1.38867257764e-30,32242744.5,48h,4.66593986089e-28,8,9
9,0.1,Alpelisib,cytosolic,-0.0246624388187,3.82313360343e-25,31781760.0,48h,1.28457289075e-22,9,10
10,0.31623,Alpelisib,cytosolic,0.029868541248,1.23198134315e-29,24957223.0,48h,4.139457313e-27,10,11
11,1.0,Alpelisib,cytosolic,0.0440873807085,1.36047990453e-41,18342495.5,48h,4.57121247922e-39,11,12
12,3.1623,Alpelisib,cytosolic,0.0325861601441,2.12788470521e-14,14325011.0,48h,7.1496926095e-12,12,13
13,10.0,Alpelisib,cytosolic,-0.0280586606096,4.56771349557e-11,8770098.5,48h,1.53475173451e-08,13,14
14,0.01,Alpelisib,cytosolic,0.0434072666543,6.48057053692e-87,326879194.5,72h,2.17747170041e-84,14,15
15,0.031623,Alpelisib,cytosolic,0.000114399166735,0.0954650691963,287434057.0,72h,1.0,15,16
16,0.1,Alpelisib,cytosolic,-0.0808550947429,0.0,199482977.0,72h,0.0,16,17
17,0.31623,Alpelisib,cytosolic,-0.0683183205084,8.83254137435e-239,200192683.5,72h,2.96773390178e-236,17,18
18,1.0,Alpelisib,cytosolic,-0.0280969566958,2.9929039947e-32,209834410.5,72h,1.00561574222e-29,18,19
19,3.1623,Alpelisib,cytosolic,-0.00361539316597,0.111902816038,181917325.5,72h,1.0,19,20
20,10.0,Alpelisib,cytosolic,-0.0192656598812,1.39551952343e-07,58894719.0,72h,4.68894559873e-05,20,21
21,0.01,Dasatinib,cytosolic,0.0200828034013,1.76588115111e-05,3533305.5,24h,0.00593336066772,21,22
22,0.031623,Dasatinib,cytosolic,-0.0862372371213,6.45970415285e-94,2876703.0,24h,2.17046059536e-91,22,23
23,0.1,Dasatinib,cytosolic,0.189092772377,3.71342874402e-98,883457.0,24h,1.24771205799e-95,23,24
24,0.31623,Dasatinib,cytosolic,0.138713488428,8.51202528614e-56,1040191.5,24h,2.86004049614e-53,24,25
25,1.0,Dasatinib,cytosolic,0.211566477315,5.19103552895e-69,367991.0,24h,1.74418793773e-66,25,26
26,3.1623,Dasatinib,cytosolic,0.181627339938,2.9629398006e-58,486901.5,24h,9.95547773001e-56,26,27
27,10.0,Dasatinib,cytosolic,0.0775449424642,8.72510612778e-10,470653.5,24h,2.93163565893e-07,27,28
28,0.01,Dasatinib,cytosolic,0.017625085152,5.37641612569e-08,35488044.5,48h,1.80647581823e-05,28,29
29,0.031623,Dasatinib,cytosolic,-0.0361097023546,3.10830843053e-39,21765415.0,48h,1.04439163266e-36,29,30
30,0.1,Dasatinib,cytosolic,0.124865269388,2.56283123163e-168,8185217.5,48h,8.61111293827e-166,30,31
31,0.31623,Dasatinib,cytosolic,0.0395803600973,8.28180614729e-11,6565602.0,48h,2.78268686549e-08,31,32
32,1.0,Dasatinib,cytosolic,0.0951760980083,5.60648304651e-44,4128707.0,48h,1.88377830363e-41,32,33
33,3.1623,Dasatinib,cytosolic,0.252291394571,6.21000488658e-106,1103364.0,48h,2.08656164189e-103,33,34
34,10.0,Dasatinib,cytosolic,-0.0392579305689,0.0324676110927,689077.0,48h,1.0,34,35
35,0.01,Dasatinib,cytosolic,-0.0331803330386,2.80153171597e-48,195022725.0,72h,9.41314656567e-46,35,36
36,0.031623,Dasatinib,cytosolic,0.130799906904,0.0,163576279.5,72h,0.0,36,37
37,0.1,Dasatinib,cytosolic,0.462089704549,0.0,30446372.0,72h,0.0,37,38
38,0.31623,Dasatinib,cytosolic,0.329264139517,0.0,13547019.0,72h,0.0,38,39
39,1.0,Dasatinib,cytosolic,0.205558967968,6.83038716412e-85,12039480.5,72h,2.29501008714e-82,39,40
40,3.1623,Dasatinib,cytosolic,-0.0803409428619,2.68237593424e-20,10607498.5,72h,9.01278313904e-18,40,41
41,10.0,Dasatinib,cytosolic,-0.0867354885874,2.95717666249e-25,12494953.5,72h,9.93611358597e-23,41,42
42,0.01,Etoposide,cytosolic,0.0148197353711,0.00103992533669,3096830.0,24h,0.349414913127,42,43
43,0.031623,Etoposide,cytosolic,0.0276063459943,2.84293814506e-07,3397802.5,24h,9.5522721674e-05,43,44
44,0.1,Etoposide,cytosolic,0.0565819229647,1.51362301654e-26,2134053.5,24h,5.08577333559e-24,44,45
45,0.31623,Etoposide,cytosolic,-0.00651576227965,0.067294976489,2479438.0,24h,1.0,45,46
46,1.0,Etoposide,cytosolic,0.0997860943418,2.04946736785e-41,1038977.5,24h,6.88621035596e-39,46,47
47,3.1623,Etoposide,cytosolic,0.0575097479242,1.28779048107e-12,1283890.0,24h,4.32697601639e-10,47,48
48,10.0,Etoposide,cytosolic,-0.0468064813801,2.11792516405e-11,953825.5,24h,7.1162285512e-09,48,49
49,0.01,Etoposide,cytosolic,0.0345856320744,2.93678749699e-38,29601894.0,48h,9.86760598988e-36,49,50
50,0.031623,Etoposide,cytosolic,0.0273044880502,6.00713870635e-21,28912391.5,48h,2.01839860533e-18,50,51
51,0.1,Etoposide,cytosolic,0.00174438120974,0.210783430671,21541869.5,48h,1.0,51,52
52,0.31623,Etoposide,cytosolic,0.00792466990246,0.201378706322,16556514.0,48h,1.0,52,53
53,1.0,Etoposide,cytosolic,0.143260629907,1.89802460199e-99,3180413.5,48h,6.3773626627e-97,53,54
54,3.1623,Etoposide,cytosolic,0.059024172633,2.57056643884e-18,3767616.0,48h,8.63710323449e-16,54,55
55,10.0,Etoposide,cytosolic,-0.0123263263788,0.000494844908695,3593254.0,48h,0.166267889321,55,56
56,0.01,Etoposide,cytosolic,-0.0088684632568,6.69687243506e-07,279718472.5,72h,0.000225014913818,56,57
57,0.031623,Etoposide,cytosolic,0.0982299272575,3.77156800498e-298,200361597.0,72h,1.26724684967e-295,57,58
58,0.1,Etoposide,cytosolic,-0.0462297679252,4.72282354878e-92,150418621.5,72h,1.58686871239e-89,58,59
59,0.31623,Etoposide,cytosolic,0.000986394650158,0.153517156397,81061378.0,72h,1.0,59,60
60,1.0,Etoposide,cytosolic,0.0961376985628,2.92417894441e-32,15901759.0,72h,9.8252412532e-30,60,61
61,3.1623,Etoposide,cytosolic,0.0506879582283,8.2858722256e-09,11960960.0,72h,2.7840530678e-06,61,62
62,10.0,Etoposide,cytosolic,-0.0952307685442,1.79473259349e-126,40707234.5,72h,6.03030151413e-124,62,63
63,0.001,Neratinib,cytosolic,0.0355338086914,1.04787863215e-10,3145391.0,24h,3.52087220403e-08,63,64
64,0.0032,Neratinib,cytosolic,0.0299947832407,1.32482723626e-08,3592260.5,24h,4.45141951384e-06,64,65
65,0.01,Neratinib,cytosolic,0.0123129067044,0.107604620165,2402215.5,24h,1.0,65,66
66,0.031623,Neratinib,cytosolic,-0.0127346925357,0.000841754368275,2108867.0,24h,0.28282946774,66,67
67,0.1,Neratinib,cytosolic,-0.0374535607551,2.90101057354e-15,2095331.5,24h,9.7473955271e-13,67,68
68,0.31623,Neratinib,cytosolic,-0.037035948507,3.3380884113e-16,1890854.0,24h,1.1215977062e-13,68,69
69,1.0,Neratinib,cytosolic,-0.0564048904247,8.65134610228e-27,1577779.0,24h,2.90685229037e-24,69,70
70,0.001,Neratinib,cytosolic,0.0461141960652,6.30356265559e-58,26746850.0,48h,2.11799705228e-55,70,71
71,0.0032,Neratinib,cytosolic,-0.0157330607848,7.22294945535e-10,41304307.0,48h,2.426911017e-07,71,72
72,0.01,Neratinib,cytosolic,0.036239774567,5.69974488228e-42,23581460.5,48h,1.91511428045e-39,72,73
73,0.031623,Neratinib,cytosolic,0.0339321586482,4.53696093771e-23,17444529.5,48h,1.52441887507e-20,73,74
74,0.1,Neratinib,cytosolic,-0.0415518738599,1.70767952399e-35,10495869.5,48h,5.73780320061e-33,74,75
75,0.31623,Neratinib,cytosolic,0.0129129157511,0.0332137964349,7708026.0,48h,1.0,75,76
76,1.0,Neratinib,cytosolic,-0.0207083727781,4.3501865941e-08,6330737.5,48h,1.46166269562e-05,76,77
77,0.001,Neratinib,cytosolic,0.0324518261331,1.23934874609e-48,302537276.5,72h,4.16421178687e-46,77,78
78,0.0032,Neratinib,cytosolic,0.00605781041104,0.0151197527703,372645378.0,72h,1.0,78,79
79,0.01,Neratinib,cytosolic,0.0652562148752,1.31908015665e-153,237082083.5,72h,4.43210932633e-151,79,80
80,0.031623,Neratinib,cytosolic,-0.0349776735696,5.74491386998e-38,171083312.0,72h,1.93029106031e-35,80,81
81,0.1,Neratinib,cytosolic,0.0632113955202,1.92055753313e-48,78289379.0,72h,6.45307331133e-46,81,82
82,0.31623,Neratinib,cytosolic,0.0491269511423,7.17413238717e-13,25762556.5,72h,2.41050848209e-10,82,83
83,1.0,Neratinib,cytosolic,0.0318504584481,0.00289211366632,12293240.0,72h,0.971750191885,83,84
84,0.0001,Paclitaxel,cytosolic,0.0625796643725,1.2138993713e-32,2583962.5,24h,4.07870188758e-30,84,85
85,0.00032,Paclitaxel,cytosolic,-0.00123186819471,0.214372850824,3057755.0,24h,1.0,85,86
86,0.001,Paclitaxel,cytosolic,-0.00432138159535,0.129475926892,2724288.5,24h,1.0,86,87
87,0.0031623,Paclitaxel,cytosolic,0.0306334162967,7.69989273795e-07,2128251.0,24h,0.000258716395995,87,88
88,0.01,Paclitaxel,cytosolic,0.162795309268,3.20140306924e-73,759837.0,24h,1.07567143127e-70,88,89
89,0.031623,Paclitaxel,cytosolic,-0.101735056877,1.52547684934e-114,2339133.5,24h,5.12560221377e-112,89,90
90,0.1,Paclitaxel,cytosolic,0.00754049353235,0.212608348927,597350.0,24h,1.0,90,91
91,0.0001,Paclitaxel,cytosolic,0.0205527736179,5.07030892384e-16,27987199.0,48h,1.70362379841e-13,91,92
92,0.00032,Paclitaxel,cytosolic,-0.00442893475171,0.0359024179821,33508151.0,48h,1.0,92,93
93,0.001,Paclitaxel,cytosolic,-0.0016348326712,0.0736248384776,22388579.5,48h,1.0,93,94
94,0.0031623,Paclitaxel,cytosolic,0.0244014487066,4.53392108578e-06,8605180.5,48h,0.00152339748482,94,95
95,0.01,Paclitaxel,cytosolic,0.116782808166,1.9226922682e-44,2620959.5,48h,6.46024602114e-42,95,96
96,0.031623,Paclitaxel,cytosolic,0.0444064551411,0.00122953452072,1216247.5,48h,0.413123598963,96,97
97,0.1,Paclitaxel,cytosolic,0.0187099031941,0.179468121657,765315.0,48h,1.0,97,98
98,0.0001,Paclitaxel,cytosolic,-0.049341391132,7.23291810296e-122,273543547.0,72h,2.4302604826e-119,98,99
99,0.00032,Paclitaxel,cytosolic,0.000579052521713,0.461964225403,355954959.0,72h,1.0,99,100
100,0.001,Paclitaxel,cytosolic,0.0121115622008,3.43260483428e-05,152565177.5,72h,0.0115335522432,100,101
101,0.0031623,Paclitaxel,cytosolic,0.266754875037,2.6281132402e-82,5486087.0,72h,8.83046048707e-80,101,102
102,0.01,Paclitaxel,cytosolic,-0.0354649152212,0.00392776871624,13764488.0,72h,1.0,102,103
103,0.031623,Paclitaxel,cytosolic,-0.0827090746047,2.59433449076e-33,17888903.5,72h,8.71696388897e-31,103,104
104,0.1,Paclitaxel,cytosolic,-0.0880421262789,4.15756569942e-41,15790483.5,72h,1.39694207501e-38,104,105
105,0.01,Palbociclib,cytosolic,-0.00158178527076,0.0146794423798,2881611.0,24h,1.0,105,106
106,0.031623,Palbociclib,cytosolic,0.012271520414,0.00292082914623,3328283.0,24h,0.981398593135,106,107
107,0.1,Palbociclib,cytosolic,0.0222730912714,9.04422524548e-06,2322705.0,24h,0.00303885968248,107,108
108,0.31623,Palbociclib,cytosolic,0.0145769960984,0.117939873011,2686104.5,24h,1.0,108,109
109,1.0,Palbociclib,cytosolic,-0.0375017545635,2.01010619702e-10,1564601.5,24h,6.75395682198e-08,109,110
110,3.1623,Palbociclib,cytosolic,0.026049432793,1.07606214823e-05,2039432.0,24h,0.00361556881805,110,111
111,10.0,Palbociclib,cytosolic,0.00505216962082,0.330663815432,2614402.0,24h,1.0,111,112
112,0.01,Palbociclib,cytosolic,-0.00566005608331,0.00211390004888,36440098.0,48h,0.710270416424,112,113
113,0.031623,Palbociclib,cytosolic,0.0350646578704,1.66977511752e-37,30621239.0,48h,5.61044439486e-35,113,114
114,0.1,Palbociclib,cytosolic,0.0126199664734,2.42523269739e-09,26846253.5,48h,8.14878186324e-07,114,115
115,0.31623,Palbociclib,cytosolic,0.00253506686918,0.212249333415,29517192.5,48h,1.0,115,116
116,1.0,Palbociclib,cytosolic,0.00660413530779,0.274997781431,15638026.0,48h,1.0,116,117
117,3.1623,Palbociclib,cytosolic,0.071830259245,2.77454300627e-58,8519360.0,48h,9.32246450106e-56,117,118
118,10.0,Palbociclib,cytosolic,0.0766820446554,1.77611761952e-60,8129282.0,48h,5.96775520159e-58,118,119
119,0.01,Palbociclib,cytosolic,-0.0424766742249,2.23082754076e-91,237601297.0,72h,7.49558053694e-89,119,120
120,0.031623,Palbociclib,cytosolic,0.0489956390333,2.57603665899e-100,323943112.0,72h,8.6554831742e-98,120,121
121,0.1,Palbociclib,cytosolic,-0.0101136178499,1.9733928169e-10,229865578.0,72h,6.63059986477e-08,121,122
122,0.31623,Palbociclib,cytosolic,0.0193963088703,4.23372328647e-13,196237873.5,72h,1.42253102425e-10,122,123
123,1.0,Palbociclib,cytosolic,0.0555397671194,7.50075890843e-65,125572014.5,72h,2.52025499323e-62,123,124
124,3.1623,Palbociclib,cytosolic,0.145205826413,6.26497813871e-285,67196802.5,72h,2.10503265461e-282,124,125
125,10.0,Palbociclib,cytosolic,0.0513988307462,5.40135055579e-26,52975930.0,72h,1.81485378675e-23,125,126
126,0.0003,Trametinib,cytosolic,-0.0405090175696,1.83338750348e-17,2617135.5,24h,6.1601820117e-15,126,127
127,0.001,Trametinib,cytosolic,0.00854188410672,0.0066293860181,2961468.5,24h,1.0,127,128
128,0.0031623,Trametinib,cytosolic,0.00935079058729,0.22531484854,2966467.5,24h,1.0,128,129
129,0.01,Trametinib,cytosolic,-0.0252907263657,1.50384531652e-07,2323365.0,24h,5.05292026351e-05,129,130
130,0.031623,Trametinib,cytosolic,-0.0745751758576,2.15535811289e-52,1884694.0,24h,7.24200325931e-50,130,131
131,0.1,Trametinib,cytosolic,-0.056263832166,1.16710585737e-25,1790995.0,24h,3.92147568075e-23,131,132
132,0.31623,Trametinib,cytosolic,-0.0522115892572,5.42291190105e-26,2230041.5,24h,1.82209839875e-23,132,133
133,0.0003,Trametinib,cytosolic,-0.0279449452779,3.22817484956e-29,29612549.5,48h,1.08466674945e-26,133,134
134,0.001,Trametinib,cytosolic,-0.0169343737771,2.07580949161e-13,23494447.5,48h,6.97471989182e-11,134,135
135,0.0031623,Trametinib,cytosolic,0.0120449496635,0.0181410608206,16600032.0,48h,1.0,135,136
136,0.01,Trametinib,cytosolic,0.0126476057391,0.0214306206182,9149487.5,48h,1.0,136,137
137,0.031623,Trametinib,cytosolic,-0.0306538050515,1.67854720305e-15,6863004.5,48h,5.63991860225e-13,137,138
138,0.1,Trametinib,cytosolic,-0.00708274951573,0.00188463509672,9109029.5,48h,0.633237392498,138,139
139,0.31623,Trametinib,cytosolic,-0.000161726796573,0.194073373699,7699052.5,48h,1.0,139,140
140,0.0003,Trametinib,cytosolic,0.0656901096652,2.53272145009e-152,235950011.0,72h,8.50994407229e-150,140,141
141,0.001,Trametinib,cytosolic,-0.0512145549746,2.70086213264e-118,188351889.5,72h,9.07489676568e-116,141,142
142,0.0031623,Trametinib,cytosolic,0.0768681900165,1.5299222716e-60,59458861.5,72h,5.14053883259e-58,142,143
143,0.01,Trametinib,cytosolic,0.0802808831621,8.44217262558e-40,36320513.5,72h,2.83657000219e-37,143,144
144,0.031623,Trametinib,cytosolic,-0.0436995968888,1.38590499744e-12,50700613.0,72h,4.65664079139e-10,144,145
145,0.1,Trametinib,cytosolic,0.0846096029441,5.43048238819e-26,20587522.5,72h,1.82464208243e-23,145,146
146,0.31623,Trametinib,cytosolic,0.0587286522734,5.03745519595e-18,27879429.5,72h,1.69258494584e-15,146,147
147,0.01,Vorinostat,cytosolic,-0.0279374448958,3.21042574546e-11,2547890.0,24h,1.07870305047e-08,147,148
148,0.031623,Vorinostat,cytosolic,0.0146131513445,0.00198404807238,3192373.0,24h,0.666640152319,148,149
149,0.1,Vorinostat,cytosolic,0.00110569733867,0.42696178762,2891761.5,24h,1.0,149,150
150,0.31623,Vorinostat,cytosolic,-0.0391627470394,8.22280618232e-18,1892730.5,24h,2.76286287726e-15,150,151
151,1.0,Vorinostat,cytosolic,-0.0294969226032,3.5544828644e-09,2436569.0,24h,1.19430624244e-06,151,152
152,3.1623,Vorinostat,cytosolic,-0.0462352962623,1.98603406807e-22,1900375.0,24h,6.67307446872e-20,152,153
153,10.0,Vorinostat,cytosolic,-0.0581095301243,8.64152036967e-25,1338413.0,24h,2.90355084421e-22,153,154
154,0.01,Vorinostat,cytosolic,-0.0219647948488,7.74079490351e-22,32010124.0,48h,2.60090708758e-19,154,155
155,0.031623,Vorinostat,cytosolic,0.000752627575076,0.302068381965,36571932.0,48h,1.0,155,156
156,0.1,Vorinostat,cytosolic,0.014089640658,5.45852360252e-08,31253348.5,48h,1.83406393045e-05,156,157
157,0.31623,Vorinostat,cytosolic,-0.0277402802654,4.11196781082e-27,22170089.0,48h,1.38162118443e-24,157,158
158,1.0,Vorinostat,cytosolic,0.00115386846326,0.363166615478,15743436.0,48h,1.0,158,159
159,3.1623,Vorinostat,cytosolic,-0.0372651626319,1.79602924259e-15,6693686.0,48h,6.0346582551e-13,159,160
160,10.0,Vorinostat,cytosolic,-0.023222312073,1.17367678881e-05,4472511.0,48h,0.00394355401039,160,161
161,0.01,Vorinostat,cytosolic,0.0200028892732,3.98984112058e-17,305736007.5,72h,1.34058661652e-14,161,162
162,0.031623,Vorinostat,cytosolic,0.00961356038442,0.000178374439854,332737857.5,72h,0.0599338117909,162,163
163,0.1,Vorinostat,cytosolic,-0.0254564417056,1.02121515836e-37,258877458.0,72h,3.4312829321e-35,163,164
164,0.31623,Vorinostat,cytosolic,-0.0141551718803,5.48104341892e-11,208282521.5,72h,1.84163058876e-08,164,165
165,1.0,Vorinostat,cytosolic,0.00221487069649,0.390550760146,83391693.0,72h,1.0,165,166
166,3.1623,Vorinostat,cytosolic,0.0478478772176,5.84641733431e-06,16457725.0,72h,0.00196439622433,166,167
167,10.0,Vorinostat,cytosolic,-0.10863668626,1.41677832456e-255,55567822.0,72h,4.76037517054e-253,167,168
