,concentration,drug_name,fraction,logfc,pvalue,statistic,timepoint,bonferroni_pvalue,start,end
0,0.01,Alpelisib,cytosolic,-0.00237066298044,0.282171741443,3277455.5,24,1,0,1
1,0.031623,Alpelisib,cytosolic,0.0150632531898,0.000692411866183,2984140.0,24,2.33E-01,1,2
2,0.1,Alpelisib,cytosolic,-0.0290179077461,1.62675318292e-08,2691585.5,24,5.47E-06,2,3
3,0.31623,Alpelisib,cytosolic,-0.0025520517317,0.338548140757,2802999.5,24,1,3,4
4,1.0,Alpelisib,cytosolic,0.00328505325379,0.206492107439,2541700.5,24,1,4,5
5,3.1623,Alpelisib,cytosolic,-0.0145200358338,0.00134662047567,2027222.5,24,4.52E-01,5,6
6,10.0,Alpelisib,cytosolic,-0.0178261103074,6.26133509898e-05,2141482.0,24,2.10E-02,6,7
7,0.01,Alpelisib,cytosolic,-0.00965580521156,1.51591537832e-06,36928255.5,48,5.09E-04,7,8
8,0.031623,Alpelisib,cytosolic,0.0180849934088,4.12890418504e-16,33454881.0,48,1.39E-13,8,9
9,0.1,Alpelisib,cytosolic,-0.0180026448582,6.20386775298e-18,32396271.0,48,2.08E-15,9,10
10,0.31623,Alpelisib,cytosolic,0.0133179262675,1.77769820427e-06,27003821.0,48,5.97E-04,10,11
11,1.0,Alpelisib,cytosolic,0.0233155265491,2.99935547179e-14,19929726.5,48,1.01E-11,11,12
12,3.1623,Alpelisib,cytosolic,0.0309071233117,2.38198826179e-18,14077535.5,48,8.00E-16,12,13
13,10.0,Alpelisib,cytosolic,-0.0116578524665,0.00150921213498,9375966.5,48,5.07E-01,13,14
14,0.01,Alpelisib,cytosolic,0.037829487682,6.54550903455e-123,319231701.5,72,2.20E-120,14,15
15,0.031623,Alpelisib,cytosolic,0.0271208526655,1.98234995335e-50,263831063.0,72,6.66E-48,15,16
16,0.1,Alpelisib,cytosolic,-0.0312266505965,1.25780279238e-104,227214256.5,72,4.23E-102,16,17
17,0.31623,Alpelisib,cytosolic,-0.0320137495543,1.24146263268e-95,219884605.0,72,4.17E-93,17,18
18,1.0,Alpelisib,cytosolic,0.00139734857699,0.282519707854,226734208.5,72,1,18,19
19,3.1623,Alpelisib,cytosolic,0.00193500447481,0.351416395572,183033575.0,72,1,19,20
20,10.0,Alpelisib,cytosolic,0.00438924679271,0.228838467201,62188085.5,72,1,20,21
21,0.01,Dasatinib,cytosolic,0.00275760248755,0.0611166924801,3700620.0,24,1,0,1
22,0.031623,Dasatinib,cytosolic,-0.065375295813,1.8985252225e-62,3148152.0,24,6.38E-60,1,2
23,0.1,Dasatinib,cytosolic,0.105870297233,2.97629607565e-44,1173947.5,24,1.00E-41,2,3
24,0.31623,Dasatinib,cytosolic,0.0744233647109,3.60634361763e-32,1197814.5,24,1.21E-29,3,4
25,1.0,Dasatinib,cytosolic,0.0928322526482,8.75359196455e-25,571224.5,24,2.94E-22,4,5
26,3.1623,Dasatinib,cytosolic,0.116919861784,7.37576221324e-33,610293.5,24,2.48E-30,5,6
27,10.0,Dasatinib,cytosolic,0.0307711332287,0.0229831055953,564419.0,24,1,6,7
28,0.01,Dasatinib,cytosolic,-0.00337243462372,0.144151154013,37037726.5,48,1,7,8
29,0.031623,Dasatinib,cytosolic,-0.0229209510757,4.43742024982e-19,22989104.0,48,1.49E-16,8,9
30,0.1,Dasatinib,cytosolic,0.0613231201736,2.3236269623e-56,10640418.0,48,7.81E-54,9,10
31,0.31623,Dasatinib,cytosolic,0.00792743301746,0.213434708733,7400163.5,48,1,10,11
32,1.0,Dasatinib,cytosolic,0.0398322031315,6.01112037308e-11,5108790.5,48,2.02E-08,11,12
33,3.1623,Dasatinib,cytosolic,0.132775464018,7.83297933947e-56,1690710.0,48,2.63E-53,12,13
34,10.0,Dasatinib,cytosolic,0.0255039746295,0.0382242387787,692542.0,48,1,13,14
35,0.01,Dasatinib,cytosolic,-0.0179453176384,1.53895112395e-25,201146677.5,72,5.17E-23,14,15
36,0.031623,Dasatinib,cytosolic,0.0763383231911,7.16305428957e-264,175327930.5,72,2.41E-261,15,16
37,0.1,Dasatinib,cytosolic,0.213409245152,0.0,44215948.5,72,0.00E+00,16,17
38,0.31623,Dasatinib,cytosolic,0.137350595985,2.84816452757e-142,21116593.0,72,9.57E-140,17,18
39,1.0,Dasatinib,cytosolic,0.065516320334,6.99578471507e-28,15642029.0,72,2.35E-25,18,19
40,3.1623,Dasatinib,cytosolic,-0.02731282211,9.00427734286e-06,12285625.5,72,3.03E-03,19,20
41,10.0,Dasatinib,cytosolic,-0.0266196636543,7.65570073182e-07,14568805.5,72,2.57E-04,20,21
42,0.01,Etoposide,cytosolic,0.00910836312169,0.0560486583456,3184791.5,24,1,0,1
43,0.031623,Etoposide,cytosolic,0.0302823926675,3.85102737573e-13,3259896.0,24,1.29E-10,1,2
44,0.1,Etoposide,cytosolic,0.0288103795064,4.25946669791e-09,2388242.0,24,1.43E-06,2,3
45,0.31623,Etoposide,cytosolic,0.00903054916676,0.0174857822442,2448230.0,24,1,3,4
46,1.0,Etoposide,cytosolic,0.0571789727254,7.73087098845e-18,1227576.0,24,2.60E-15,4,5
47,3.1623,Etoposide,cytosolic,0.0335757921597,2.0430825037e-07,1358191.5,24,6.86E-05,5,6
48,10.0,Etoposide,cytosolic,-0.0273660133471,6.37411731155e-06,1027269.0,24,2.14E-03,6,7
49,0.01,Etoposide,cytosolic,0.0238482894516,2.930243474e-21,30802467.5,48,9.85E-19,7,8
50,0.031623,Etoposide,cytosolic,0.0223276840292,6.49329179475e-22,28834958.0,48,2.18E-19,8,9
51,0.1,Etoposide,cytosolic,-0.00115807466148,0.23965063678,21567431.0,48,1,9,10
52,0.31623,Etoposide,cytosolic,0.0273088985834,1.74113724103e-16,14877902.0,48,5.85E-14,10,11
53,1.0,Etoposide,cytosolic,0.123556294938,2.15531247302e-89,3328929.5,48,7.24E-87,11,12
54,3.1623,Etoposide,cytosolic,0.0434234721429,3.42015301996e-10,4060118.5,48,1.15E-07,12,13
55,10.0,Etoposide,cytosolic,-0.00330271755984,0.126370254491,3822699.5,48,1,13,14
56,0.01,Etoposide,cytosolic,-0.00348431580502,0.00197999526097,283100906.5,72,6.65E-01,14,15
57,0.031623,Etoposide,cytosolic,0.0937435629983,0.0,183918337.0,72,0.00E+00,15,16
58,0.1,Etoposide,cytosolic,-0.011536727916,6.74315892099e-12,168172750.5,72,2.27E-09,16,17
59,0.31623,Etoposide,cytosolic,0.0315382001588,2.03173763574e-25,73013861.0,72,6.83E-23,17,18
60,1.0,Etoposide,cytosolic,0.132311916471,2.38732529991e-85,12588356.0,72,8.02E-83,18,19
61,3.1623,Etoposide,cytosolic,0.0835175615947,3.17940118453e-30,9978441.5,72,1.07E-27,19,20
62,10.0,Etoposide,cytosolic,-0.00429766028943,0.239906164104,57367097.0,72,1,20,21
63,0.001,Neratinib,cytosolic,0.0209695478596,1.9596367541e-09,3174238.5,24,6.58E-07,0,1
64,0.0032,Neratinib,cytosolic,0.00840788638862,0.00850258636668,3802694.5,24,1,1,2
65,0.01,Neratinib,cytosolic,0.0120767475288,0.00216984716903,2321749.0,24,7.29E-01,2,3
66,0.031623,Neratinib,cytosolic,-0.00586518024326,0.0521211898923,2180796.0,24,1,3,4
67,0.1,Neratinib,cytosolic,-0.0280095780973,2.73905631127e-09,2194449.5,24,9.20E-07,4,5
68,0.31623,Neratinib,cytosolic,-0.0344510400648,1.10252379069e-14,1911735.0,24,3.70E-12,5,6
69,1.0,Neratinib,cytosolic,-0.0499417686668,9.4639798545e-19,1662651.0,24,3.18E-16,6,7
70,0.001,Neratinib,cytosolic,0.03040614953,1.54716827579e-35,27947907.0,48,5.20E-33,7,8
71,0.0032,Neratinib,cytosolic,-0.0100559924628,1.95392122104e-08,41526967.5,48,6.57E-06,8,9
72,0.01,Neratinib,cytosolic,0.00886099085522,0.000406326193387,26684829.5,48,1.37E-01,9,10
73,0.031623,Neratinib,cytosolic,0.0296859990015,4.19585998878e-19,17688877.0,48,1.41E-16,10,11
74,0.1,Neratinib,cytosolic,-0.0157707554431,4.13776698566e-07,11981146.0,48,1.39E-04,11,12
75,0.31623,Neratinib,cytosolic,0.000884083469255,0.213451314019,7868340.5,48,1,12,13
76,1.0,Neratinib,cytosolic,-0.0199760158217,2.5362794275e-06,6445150.5,48,8.52E-04,13,14
77,0.001,Neratinib,cytosolic,0.0313443551624,1.64644831203e-92,291722585.5,72,5.53E-90,14,15
78,0.0032,Neratinib,cytosolic,0.0155040040692,4.3444179942e-23,357049927.5,72,1.46E-20,15,16
79,0.01,Neratinib,cytosolic,0.0630315865975,9.34015051565e-260,223332836.5,72,3.14E-257,16,17
80,0.031623,Neratinib,cytosolic,-0.00117796215097,0.448021115361,188313064.0,72,1,17,18
81,0.1,Neratinib,cytosolic,0.0413281662544,7.67320197247e-39,79749919.0,72,2.58E-36,18,19
82,0.31623,Neratinib,cytosolic,0.0117418535395,0.018803414844,28294837.0,72,1,19,20
83,1.0,Neratinib,cytosolic,-0.0271680692073,2.22860202161e-06,11675310.5,72,7.49E-04,20,21
84,0.0001,Paclitaxel,cytosolic,0.0360361440193,3.01064228414e-19,2758202.5,24,1.01E-16,0,1
85,0.00032,Paclitaxel,cytosolic,-0.0097623103591,0.00845352378471,2966497.0,24,1,1,2
86,0.001,Paclitaxel,cytosolic,-0.0157564522018,0.0226033068434,2677465.0,24,1,2,3
87,0.0031623,Paclitaxel,cytosolic,0.0411773748954,2.92652396904e-18,1941821.5,24,9.83E-16,3,4
88,0.01,Paclitaxel,cytosolic,0.0971989979977,4.79433350732e-40,937879.0,24,1.61E-37,4,5
89,0.031623,Paclitaxel,cytosolic,-0.0594370300089,1.27356000344e-56,2785582.5,24,4.28E-54,5,6
90,0.1,Paclitaxel,cytosolic,-0.0392507899577,2.62901118619e-05,521378.0,24,8.83E-03,6,7
91,0.0001,Paclitaxel,cytosolic,0.00570224177168,0.0234938061207,29938530.5,48,1,7,8
92,0.00032,Paclitaxel,cytosolic,-0.000660933035705,0.0841286239515,33653864.0,48,1,8,9
93,0.001,Paclitaxel,cytosolic,-0.00297907531697,0.355642775366,22682708.5,48,1,9,10
94,0.0031623,Paclitaxel,cytosolic,0.0493411141408,4.9761695003e-25,7630010.0,48,1.67E-22,10,11
95,0.01,Paclitaxel,cytosolic,0.107012082186,4.24140852007e-53,2472292.0,48,1.43E-50,11,12
96,0.031623,Paclitaxel,cytosolic,0.023413295949,0.0140980677412,1268944.0,48,1,12,13
97,0.1,Paclitaxel,cytosolic,0.00259607493738,0.450632860306,803251.0,48,1,13,14
98,0.0001,Paclitaxel,cytosolic,0.00590148636225,6.46878646964e-05,309480214.0,72,2.17E-02,14,15
99,0.00032,Paclitaxel,cytosolic,0.00871316380324,1.32022981252e-08,345200976.5,72,4.44E-06,15,16
100,0.001,Paclitaxel,cytosolic,0.0397944474082,2.59676628038e-66,136388206.5,72,8.73E-64,16,17
101,0.0031623,Paclitaxel,cytosolic,0.110546670758,2.79910500864e-36,7585589.5,72,9.40E-34,17,18
102,0.01,Paclitaxel,cytosolic,0.00507851806369,0.254100011224,14476305.0,72,1,18,19
103,0.031623,Paclitaxel,cytosolic,-0.00872473850249,0.0191723114579,22341246.5,72,1,19,20
104,0.1,Paclitaxel,cytosolic,-0.0268862236493,2.39562693458e-08,19218065.5,72,8.05E-06,20,21
105,0.01,Palbociclib,cytosolic,-0.0124353659603,0.0229861219946,2891864.5,24,1,0,1
106,0.031623,Palbociclib,cytosolic,0.0160993277568,8.57556169037e-07,3203786.5,24,2.88E-04,1,2
107,0.1,Palbociclib,cytosolic,0.044863574385,6.51393295584e-21,2067757.5,24,2.19E-18,2,3
108,0.31623,Palbociclib,cytosolic,0.0385304281989,1.12087535883e-18,2284125.0,24,3.77E-16,3,4
109,1.0,Palbociclib,cytosolic,-0.0111080827778,0.0359575951324,1751959.0,24,1,4,5
110,3.1623,Palbociclib,cytosolic,0.0528496288922,2.78830921732e-21,1796294.0,24,9.37E-19,5,6
111,10.0,Palbociclib,cytosolic,0.0350238470364,3.98842286385e-15,2233997.0,24,1.34E-12,6,7
112,0.01,Palbociclib,cytosolic,-0.00312843963819,0.130380651652,37073471.0,48,1,7,8
113,0.031623,Palbociclib,cytosolic,0.0233253037873,1.01394954244e-26,31360619.0,48,3.41E-24,8,9
114,0.1,Palbociclib,cytosolic,0.0150496524921,2.65832673691e-10,26735107.5,48,8.93E-08,9,10
115,0.31623,Palbociclib,cytosolic,0.00454873718479,0.0878423249847,29340490.0,48,1,10,11
116,1.0,Palbociclib,cytosolic,0.0194091113383,9.46105736343e-08,14614746.5,48,3.18E-05,11,12
117,3.1623,Palbociclib,cytosolic,0.0770077280088,8.89810666907e-77,8059845.0,48,2.99E-74,12,13
118,10.0,Palbociclib,cytosolic,0.0910877604393,1.89817736586e-100,7232736.0,48,6.38E-98,13,14
119,0.01,Palbociclib,cytosolic,-0.0207374322913,1.25960566158e-45,247822192.0,72,4.23E-43,14,15
120,0.031623,Palbociclib,cytosolic,0.0359457096314,3.22604684616e-109,322057016.5,72,1.08E-106,15,16
121,0.1,Palbociclib,cytosolic,0.0366528702128,1.86053435823e-78,210482227.5,72,6.25E-76,16,17
122,0.31623,Palbociclib,cytosolic,0.0254544269674,1.05948307285e-36,188456811.5,72,3.56E-34,17,18
123,1.0,Palbociclib,cytosolic,0.0940062542399,2.94586225594e-256,105349307.5,72,9.90E-254,18,19
124,3.1623,Palbociclib,cytosolic,0.114685111433,1.75227460815e-285,67162569.5,72,5.89E-283,19,20
125,10.0,Palbociclib,cytosolic,0.0455646691297,9.58079089717e-43,50637414.0,72,3.22E-40,20,21
126,0.0003,Trametinib,cytosolic,-0.0247796847958,1.17053319577e-06,2828399.0,24,3.93E-04,0,1
127,0.001,Trametinib,cytosolic,0.0226953002001,1.42563847212e-05,2863874.5,24,4.79E-03,1,2
128,0.0031623,Trametinib,cytosolic,0.0129209651177,0.0030525008873,2854974.5,24,1,2,3
129,0.01,Trametinib,cytosolic,-0.0224614146165,5.19036726724e-06,2359994.5,24,1.74E-03,3,4
130,0.031623,Trametinib,cytosolic,-0.0475523955793,2.63536086268e-27,2116603.5,24,8.85E-25,4,5
131,0.1,Trametinib,cytosolic,-0.0359856247696,2.16867600812e-15,1913413.0,24,7.29E-13,5,6
132,0.31623,Trametinib,cytosolic,-0.0255267023454,5.97178549385e-08,2508269.5,24,2.01E-05,6,7
133,0.0003,Trametinib,cytosolic,-0.0207469675526,3.58713540487e-21,30221429.0,48,1.21E-18,7,8
134,0.001,Trametinib,cytosolic,-0.0167103420846,6.4823871123e-11,23734258.0,48,2.18E-08,8,9
135,0.0031623,Trametinib,cytosolic,0.000809602953346,0.171476397447,16865656.5,48,1,9,10
136,0.01,Trametinib,cytosolic,-0.00208321398609,0.468679946064,9477798.0,48,1,10,11
137,0.031623,Trametinib,cytosolic,-0.023991491866,4.15882981231e-09,7190688.5,48,1.40E-06,11,12
138,0.1,Trametinib,cytosolic,-0.0148367999619,1.46033558539e-06,8807050.5,48,4.91E-04,12,13
139,0.31623,Trametinib,cytosolic,0.00159393806129,0.425639059935,7801974.0,48,1,13,14
140,0.0003,Trametinib,cytosolic,0.0476348655699,1.73948007431e-130,239339814.0,72,5.84E-128,14,15
141,0.001,Trametinib,cytosolic,-0.000628126786755,0.159906597423,221325843.5,72,1,15,16
142,0.0031623,Trametinib,cytosolic,0.0304918595928,2.70740074116e-23,64720230.0,72,9.10E-21,16,17
143,0.01,Trametinib,cytosolic,0.0294887091421,4.13128995592e-10,40719679.0,72,1.39E-07,17,18
144,0.031623,Trametinib,cytosolic,-0.015982330573,5.97826332094e-10,51339658.0,72,2.01E-07,18,19
145,0.1,Trametinib,cytosolic,0.00552171317332,0.438520171539,25455518.0,72,1,19,20
146,0.31623,Trametinib,cytosolic,0.0229033454426,1.19637919758e-06,29934673.0,72,4.02E-04,20,21
147,0.01,Vorinostat,cytosolic,-0.0309916802271,2.38429341552e-13,2509522.0,24,8.01E-11,0,1
148,0.031623,Vorinostat,cytosolic,0.0129549175597,0.000269227283183,3157575.5,24,9.05E-02,1,2
149,0.1,Vorinostat,cytosolic,0.0101341422197,0.000984055384106,2731952.0,24,3.31E-01,2,3
150,0.31623,Vorinostat,cytosolic,-0.0332686180694,2.10251968729e-12,1968804.0,24,7.06E-10,3,4
151,1.0,Vorinostat,cytosolic,0.018459185827,2.28888408883e-07,2476150.0,24,7.69E-05,4,5
152,3.1623,Vorinostat,cytosolic,0.0194928253382,6.7440634024e-06,2160006.0,24,2.27E-03,5,6
153,10.0,Vorinostat,cytosolic,0.00890895645934,0.0582957474016,1694327.5,24,1,6,7
154,0.01,Vorinostat,cytosolic,-0.013045900132,1.93008893299e-09,33293033.0,48,6.49E-07,7,8
155,0.031623,Vorinostat,cytosolic,0.00582595358842,0.0359762996367,36110069.5,48,1,8,9
156,0.1,Vorinostat,cytosolic,-0.00184441155383,0.43118185665,32991454.5,48,1,9,10
157,0.31623,Vorinostat,cytosolic,-0.0107716038474,7.61852187782e-07,23879681.0,48,2.56E-04,10,11
158,1.0,Vorinostat,cytosolic,0.0285076805599,3.72936941739e-18,13908005.5,48,1.25E-15,11,12
159,3.1623,Vorinostat,cytosolic,0.0367745171715,4.06906821612e-13,6802291.5,48,1.37E-10,12,13
160,10.0,Vorinostat,cytosolic,0.0129240620607,0.00835597189211,4693504.5,48,1,13,14
161,0.01,Vorinostat,cytosolic,0.0164504021128,9.35127477364e-24,302690579.0,72,3.14E-21,14,15
162,0.031623,Vorinostat,cytosolic,0.0106624986045,5.38246428318e-10,327908557.0,72,1.81E-07,15,16
163,0.1,Vorinostat,cytosolic,-0.0112955930146,7.77121882277e-14,268090679.0,72,2.61E-11,16,17
164,0.31623,Vorinostat,cytosolic,0.0123794432799,5.16556999796e-11,208269304.5,72,1.74E-08,17,18
165,1.0,Vorinostat,cytosolic,0.0403034448423,1.60241833431e-41,71910813.5,72,5.38E-39,18,19
166,3.1623,Vorinostat,cytosolic,0.102300166736,7.0640746719e-45,12636793.0,72,2.37E-42,19,20
167,10.0,Vorinostat,cytosolic,-0.0183844239223,1.79994853182e-15,78760847.5,72,6.05E-13,20,21
