,concentration,drug_name,fraction,logfc,pvalue,statistic,timepoint,bonferroni_pvalue,start,end
0,0.01,Alpelisib,cytosolic,-0.104719815521,4.17067892891e-07,3019008.5,24h,0.000140134812012,0,1
1,0.031623,Alpelisib,cytosolic,-0.103939224035,8.29545367011e-05,2951269.0,24h,0.0278727243316,1,2
2,0.1,Alpelisib,cytosolic,-0.121602525384,1.68664308858e-07,2715439.5,24h,5.66712077762e-05,2,3
3,0.31623,Alpelisib,cytosolic,-0.0412060532484,0.276843960759,2793498.0,24h,1.0,3,4
4,1.0,Alpelisib,cytosolic,0.323493778978,1.9078107492e-37,1930655.5,24h,6.41024411731e-35,4,5
5,3.1623,Alpelisib,cytosolic,0.273332205513,7.839317159e-22,1724765.0,24h,2.63401056542e-19,5,6
6,10.0,Alpelisib,cytosolic,0.0261954812205,0.0838959932569,2260021.5,24h,1.0,6,7
7,0.01,Alpelisib,cytosolic,-0.0166916385131,0.254267044594,38418051.0,48h,1.0,7,8
8,0.031623,Alpelisib,cytosolic,-0.026381793861,0.00443328678465,35400306.5,48h,1.0,8,9
9,0.1,Alpelisib,cytosolic,-0.0212176827874,0.318776294144,35244135.0,48h,1.0,9,10
10,0.31623,Alpelisib,cytosolic,-0.0649498997735,0.0161687911728,27776661.5,48h,1.0,10,11
11,1.0,Alpelisib,cytosolic,0.0365267175792,1.41978918704e-08,20451705.0,48h,4.77049166847e-06,11,12
12,3.1623,Alpelisib,cytosolic,0.185409795718,6.51819611094e-22,13878253.5,48h,2.19011389328e-19,12,13
13,10.0,Alpelisib,cytosolic,0.240956181143,2.80854755667e-13,8644458.5,48h,9.43671979041e-11,13,14
14,0.01,Alpelisib,cytosolic,0.279285124662,1.35901330794e-210,304427560.0,72h,4.56628471468e-208,14,15
15,0.031623,Alpelisib,cytosolic,0.0816518705845,1.10463991654e-30,269796625.0,72h,3.71159011958e-28,15,16
16,0.1,Alpelisib,cytosolic,-0.143678353638,1.77914012853e-26,245447211.5,72h,5.97791083186e-24,16,17
17,0.31623,Alpelisib,cytosolic,-0.00421401244478,0.00597117358877,249119811.5,72h,1.0,17,18
18,1.0,Alpelisib,cytosolic,-0.0728582573627,0.000109531874153,222020730.0,72h,0.0368027097155,18,19
19,3.1623,Alpelisib,cytosolic,-0.314351410153,1.56792961142e-131,150957109.0,72h,5.26824349437e-129,19,20
20,10.0,Alpelisib,cytosolic,0.278733549735,5.74483033401e-66,49917866.0,72h,1.93026299223e-63,20,21
21,0.01,Dasatinib,cytosolic,0.282681267107,2.39252519156e-27,3104890.0,24h,8.03888464365e-25,21,22
22,0.031623,Dasatinib,cytosolic,-0.400499239426,4.73198135386e-64,3132816.0,24h,1.5899457349e-61,22,23
23,0.1,Dasatinib,cytosolic,1.24129668041,3.72683786473e-218,452790.0,24h,1.25221752255e-215,23,24
24,0.31623,Dasatinib,cytosolic,1.40153916292,7.30721763572e-226,385998.5,24h,2.4552251256e-223,24,25
25,1.0,Dasatinib,cytosolic,1.66536668598,3.7738720194e-150,130055.0,24h,1.26802099852e-147,25,26
26,3.1623,Dasatinib,cytosolic,1.52615696894,7.0760310112e-151,188106.5,24h,2.37754641976e-148,26,27
27,10.0,Dasatinib,cytosolic,1.92507692475,4.3855649565e-128,50595.0,24h,1.47354982539e-125,27,28
28,0.01,Dasatinib,cytosolic,0.457101693059,3.06966087137e-159,27633946.0,48h,1.03140605278e-156,28,29
29,0.031623,Dasatinib,cytosolic,0.741639077922,0.0,14520911.0,48h,0.0,29,30
30,0.1,Dasatinib,cytosolic,1.07423722814,0.0,5187363.0,48h,0.0,30,31
31,0.31623,Dasatinib,cytosolic,1.58147453347,0.0,1543188.5,48h,0.0,31,32
32,1.0,Dasatinib,cytosolic,1.88631260462,0.0,734649.0,48h,0.0,32,33
33,3.1623,Dasatinib,cytosolic,2.01266934992,1.24335151643e-195,338235.0,48h,4.17766109521e-193,33,34
34,10.0,Dasatinib,cytosolic,1.39328008009,4.19190737478e-32,226173.0,48h,1.40848087793e-29,34,35
35,0.01,Dasatinib,cytosolic,0.174555192119,4.14365058867e-74,189709141.0,72h,1.39226659779e-71,35,36
36,0.031623,Dasatinib,cytosolic,0.326142569127,9.25767949275e-272,174543141.0,72h,3.11058030956e-269,36,37
37,0.1,Dasatinib,cytosolic,1.40956517881,0.0,19466784.5,72h,0.0,37,38
38,0.31623,Dasatinib,cytosolic,1.47215071189,0.0,8171166.5,72h,0.0,38,39
39,1.0,Dasatinib,cytosolic,1.83581951034,3.38580892423e-242,6294330.5,72h,1.13763179854e-239,39,40
40,3.1623,Dasatinib,cytosolic,-3.93006016357,2.21518626625e-83,7107434.0,72h,7.44302585461e-81,40,41
41,10.0,Dasatinib,cytosolic,-3.95781310114,1.53762418318e-297,2508381.0,72h,5.16641725548e-295,41,42
42,0.01,Etoposide,cytosolic,0.0204789416538,0.00578945358057,3129532.5,24h,1.0,42,43
43,0.031623,Etoposide,cytosolic,-0.192738441206,7.10260973009e-20,3139853.5,24h,2.38647686931e-17,43,44
44,0.1,Etoposide,cytosolic,0.157005292479,2.07722721602e-18,2235087.0,24h,6.97948344583e-16,44,45
45,0.31623,Etoposide,cytosolic,-0.100679300367,0.000591704163047,2390437.0,24h,0.198812598784,45,46
46,1.0,Etoposide,cytosolic,0.0347143333501,0.00213339842693,1445423.5,24h,0.716821871449,46,47
47,3.1623,Etoposide,cytosolic,-0.0575158035223,0.21433885733,1522351.5,24h,1.0,47,48
48,10.0,Etoposide,cytosolic,-0.198449575791,1.31195237698e-08,987754.0,24h,4.40815998665e-06,48,49
49,0.01,Etoposide,cytosolic,0.00447097536314,0.00226618618861,33058999.0,48h,0.761438559372,49,50
50,0.031623,Etoposide,cytosolic,-0.0444330417696,0.206287511755,31732933.0,48h,1.0,50,51
51,0.1,Etoposide,cytosolic,-0.0371612383552,0.096919343349,21410290.5,48h,1.0,51,52
52,0.31623,Etoposide,cytosolic,-0.201607520761,2.16387504226e-13,15086721.0,48h,7.27062014199e-11,52,53
53,1.0,Etoposide,cytosolic,0.206652275404,6.77074472275e-19,4811937.0,48h,2.27497022684e-16,53,54
54,3.1623,Etoposide,cytosolic,0.0468250800764,0.000372964597615,4390022.0,48h,0.125316104799,54,55
55,10.0,Etoposide,cytosolic,-0.14037844283,0.0015274442758,3628612.5,48h,0.513221276668,55,56
56,0.01,Etoposide,cytosolic,0.00332740072116,0.000783903734396,282614978.0,72h,0.263391654757,56,57
57,0.031623,Etoposide,cytosolic,-0.0762305088784,7.24777093299e-05,254409438.5,72h,0.0243525103348,57,58
58,0.1,Etoposide,cytosolic,-0.359398400869,1.15094187104e-191,138375715.0,72h,3.86716468668e-189,58,59
59,0.31623,Etoposide,cytosolic,-0.255361533748,8.18405285254e-47,69592334.0,72h,2.74984175845e-44,59,60
60,1.0,Etoposide,cytosolic,0.272740869509,2.01071141965e-21,16896157.0,72h,6.75599037002e-19,60,61
61,3.1623,Etoposide,cytosolic,0.659970169977,1.31973203257e-88,7011686.0,72h,4.43429962945e-86,61,62
62,10.0,Etoposide,cytosolic,-3.95469575639,0.0,21511843.0,72h,0.0,62,63
63,0.001,Neratinib,cytosolic,0.10261211777,2.07823770676e-08,3199185.0,24h,6.98287869471e-06,63,64
64,0.0032,Neratinib,cytosolic,-0.15630908605,3.93514762914e-13,3486249.5,24h,1.32220960339e-10,64,65
65,0.01,Neratinib,cytosolic,0.249856358652,9.25856666737e-30,1901834.5,24h,3.11087840023e-27,65,66
66,0.031623,Neratinib,cytosolic,0.337456677765,1.0562326817e-33,1686616.0,24h,3.54894181052e-31,66,67
67,0.1,Neratinib,cytosolic,0.10838913155,0.0253717706635,2388967.5,24h,1.0,67,68
68,0.31623,Neratinib,cytosolic,0.249980790743,6.66872754774e-20,1844097.5,24h,2.24069245604e-17,68,69
69,1.0,Neratinib,cytosolic,0.151619286784,1.44564697237e-07,1826039.0,24h,4.85737382715e-05,69,70
70,0.001,Neratinib,cytosolic,0.0150848277198,0.005686129769,31222850.5,48h,1.0,70,71
71,0.0032,Neratinib,cytosolic,0.0132331564682,0.107422663128,43232450.5,48h,1.0,71,72
72,0.01,Neratinib,cytosolic,0.0911955982454,2.04677104526e-13,25494096.0,48h,6.87715071208e-11,72,73
73,0.031623,Neratinib,cytosolic,0.271741727034,2.33991497663e-25,17313768.5,48h,7.86211432149e-23,73,74
74,0.1,Neratinib,cytosolic,0.358081922284,3.54258914548e-48,10065576.0,48h,1.19030995288e-45,74,75
75,0.31623,Neratinib,cytosolic,0.458088944453,4.93340361826e-73,5212951.0,48h,1.65762361574e-70,75,76
76,1.0,Neratinib,cytosolic,0.145419764423,1.30958943003e-12,6092586.0,48h,4.4002204849e-10,76,77
77,0.001,Neratinib,cytosolic,0.0377242810418,1.29760444965e-05,322073544.5,72h,0.00435995095082,77,78
78,0.0032,Neratinib,cytosolic,0.231493813763,2.08683003956e-167,320956754.5,72h,7.01174893293e-165,78,79
79,0.01,Neratinib,cytosolic,0.0133648253538,2.34097768142e-10,271561379.0,72h,7.86568500959e-08,79,80
80,0.031623,Neratinib,cytosolic,-0.25050018103,3.90152015553e-89,161373910.5,72h,1.31091077226e-86,80,81
81,0.1,Neratinib,cytosolic,0.2680762681,9.35251664673e-79,74470338.5,72h,3.1424455933e-76,81,82
82,0.31623,Neratinib,cytosolic,0.51563507075,7.32027854488e-125,17328958.5,72h,2.45961359108e-122,82,83
83,1.0,Neratinib,cytosolic,0.683069285446,3.93099057787e-45,8479455.5,72h,1.32081283416e-42,83,84
84,0.0001,Paclitaxel,cytosolic,0.159937893646,1.95371484852e-18,2770624.5,24h,6.56448189101e-16,84,85
85,0.00032,Paclitaxel,cytosolic,0.0442498399955,0.307997566945,3074311.5,24h,1.0,85,86
86,0.001,Paclitaxel,cytosolic,0.215905666145,3.84067892616e-07,2519901.5,24h,0.000129046811919,86,87
87,0.0031623,Paclitaxel,cytosolic,0.604721760287,2.75431884627e-75,1470234.0,24h,9.25451132348e-73,87,88
88,0.01,Paclitaxel,cytosolic,1.19587118577,1.30054912293e-155,449411.5,24h,4.36984505304e-153,88,89
89,0.031623,Paclitaxel,cytosolic,-2.91689207414,0.0,1103874.0,24h,0.0,89,90
90,0.1,Paclitaxel,cytosolic,1.18756441317,7.52191005086e-69,206548.0,24h,2.52736177709e-66,90,91
91,0.0001,Paclitaxel,cytosolic,0.0854106630643,9.24473485562e-16,28011132.5,48h,3.10623091149e-13,91,92
92,0.00032,Paclitaxel,cytosolic,-0.0216122951335,0.000444185848166,32982816.0,48h,0.149246444984,92,93
93,0.001,Paclitaxel,cytosolic,0.12583058454,0.000521402883442,21889981.0,48h,0.175191368836,93,94
94,0.0031623,Paclitaxel,cytosolic,0.552636880529,4.2053221776e-89,6005048.5,48h,1.41298825167e-86,94,95
95,0.01,Paclitaxel,cytosolic,1.03155074862,1.49988481353e-121,1582860.5,48h,5.03961297348e-119,95,96
96,0.031623,Paclitaxel,cytosolic,1.10201590112,9.1600683316e-41,565959.0,48h,3.07778295942e-38,96,97
97,0.1,Paclitaxel,cytosolic,1.17598100154,1.9068561095e-22,346491.0,48h,6.40703652792e-20,97,98
98,0.0001,Paclitaxel,cytosolic,0.0296106200074,3.90287579551e-11,304577194.0,72h,1.31136626729e-08,98,99
99,0.00032,Paclitaxel,cytosolic,0.22422924719,8.22612413573e-170,301564994.0,72h,2.76397770961e-167,99,100
100,0.001,Paclitaxel,cytosolic,0.0668749815188,1.45373938757e-32,142937864.0,72h,4.88456434224e-30,100,101
101,0.0031623,Paclitaxel,cytosolic,1.36031792369,2.9110510516e-142,3535903.0,72h,9.78113153338e-140,101,102
102,0.01,Paclitaxel,cytosolic,-3.37362887477,5.07977534018e-17,11752047.5,72h,1.7068045143e-14,102,103
103,0.031623,Paclitaxel,cytosolic,-3.98933967225,0.0,5958376.0,72h,0.0,103,104
104,0.1,Paclitaxel,cytosolic,-3.96562047137,0.0,1950355.0,72h,0.0,104,105
105,0.01,Palbociclib,cytosolic,-0.168444206048,1.33365283513e-11,2630284.0,24h,4.48107352605e-09,105,106
106,0.031623,Palbociclib,cytosolic,-0.0945025209964,0.00200546162125,3320869.0,24h,0.673835104741,106,107
107,0.1,Palbociclib,cytosolic,-0.204934905284,5.34888768663e-17,2119106.0,24h,1.79722626271e-14,107,108
108,0.31623,Palbociclib,cytosolic,-0.208957957604,2.88961168744e-23,2224420.5,24h,9.7090952698e-21,108,109
109,1.0,Palbociclib,cytosolic,-0.394994016971,2.76577138012e-46,1228804.5,24h,9.29299183721e-44,109,110
110,3.1623,Palbociclib,cytosolic,-0.158718169712,1.2241393341e-10,1941136.5,24h,4.11310816258e-08,110,111
111,10.0,Palbociclib,cytosolic,-0.35393470839,4.56044422597e-68,1734411.5,24h,1.53230925993e-65,111,112
112,0.01,Palbociclib,cytosolic,-0.0741493227595,1.43801127848e-09,35317179.5,48h,4.83171789568e-07,112,113
113,0.031623,Palbociclib,cytosolic,0.0577103825172,3.13683875397e-07,33342864.5,48h,0.000105397782133,113,114
114,0.1,Palbociclib,cytosolic,-0.00123761550488,0.00448198114723,27853925.5,48h,1.0,114,115
115,0.31623,Palbociclib,cytosolic,-0.0508042831981,0.469028517247,29746508.5,48h,1.0,115,116
116,1.0,Palbociclib,cytosolic,-0.0843630474998,0.207439697966,15589751.5,48h,1.0,116,117
117,3.1623,Palbociclib,cytosolic,0.0526853659931,0.000219611096917,10864773.5,48h,0.0737893285643,117,118
118,10.0,Palbociclib,cytosolic,-0.0992145962078,0.0011947967721,10576877.0,48h,0.401451715425,118,119
119,0.01,Palbociclib,cytosolic,0.0876240402488,3.52596421093e-33,251478740.5,72h,1.18472397487e-30,119,120
120,0.031623,Palbociclib,cytosolic,0.156732816511,8.98496422798e-79,328895528.5,72h,3.0189479806e-76,120,121
121,0.1,Palbociclib,cytosolic,-0.0977067294638,0.000285242334076,234238575.5,72h,0.0958414242494,121,122
122,0.31623,Palbociclib,cytosolic,-0.376987409095,3.22441353069e-217,161545394.0,72h,1.08340294631e-214,122,123
123,1.0,Palbociclib,cytosolic,-0.164884389623,9.7674155012e-25,133519457.0,72h,3.2818516084e-22,123,124
124,3.1623,Palbociclib,cytosolic,-0.379375043397,3.66683013484e-164,75705656.0,72h,1.2320549253e-161,124,125
125,10.0,Palbociclib,cytosolic,-0.244706885479,9.82928624698e-37,51409448.5,72h,3.30264017898e-34,125,126
126,0.0003,Trametinib,cytosolic,0.118966137822,1.6133398561e-09,2760017.5,24h,5.4208219165e-07,126,127
127,0.001,Trametinib,cytosolic,0.299171130508,3.4142676421e-31,2442733.5,24h,1.14719392774e-28,127,128
128,0.0031623,Trametinib,cytosolic,0.234285352696,2.43610681345e-17,2538193.0,24h,8.1853188932e-15,128,129
129,0.01,Trametinib,cytosolic,0.190816164899,2.96142723897e-11,2250365.0,24h,9.95039552294e-09,129,130
130,0.031623,Trametinib,cytosolic,-0.140831551593,5.53751445877e-16,2260504.5,24h,1.86060485815e-13,130,131
131,0.1,Trametinib,cytosolic,-0.212382585193,1.19996188528e-21,1834958.5,24h,4.03187193454e-19,131,132
132,0.31623,Trametinib,cytosolic,-0.15612663944,1.23915852847e-12,2416486.5,24h,4.16357265565e-10,132,133
133,0.0003,Trametinib,cytosolic,0.0340753990599,0.0471485559413,32842802.5,48h,1.0,133,134
134,0.001,Trametinib,cytosolic,0.122054935961,3.57868186452e-10,23811485.0,48h,1.20243710648e-07,134,135
135,0.0031623,Trametinib,cytosolic,0.475539141766,4.36532532503e-101,12143164.0,48h,1.46674930921e-98,135,136
136,0.01,Trametinib,cytosolic,0.24435250566,8.56067986187e-18,8055367.0,48h,2.87638843359e-15,136,137
137,0.031623,Trametinib,cytosolic,0.0161262855752,0.0213414181468,7769387.0,48h,1.0,137,138
138,0.1,Trametinib,cytosolic,0.123782194971,3.22923352172e-07,8756028.5,48h,0.00010850224633,138,139
139,0.31623,Trametinib,cytosolic,0.0904148626475,9.87014826956e-06,7180278.0,48h,0.00331636981857,139,140
140,0.0003,Trametinib,cytosolic,-0.125262701736,9.94990848193e-30,261543608.5,72h,3.34316924993e-27,140,141
141,0.001,Trametinib,cytosolic,-0.251661550614,3.46423546394e-95,191972974.0,72h,1.16398311588e-92,141,142
142,0.0031623,Trametinib,cytosolic,0.803445619463,0.0,35426902.5,72h,0.0,142,143
143,0.01,Trametinib,cytosolic,0.45251246985,1.49844208506e-106,30834482.5,72h,5.03476540579e-104,143,144
144,0.031623,Trametinib,cytosolic,-3.90293688146,0.0,26851993.0,72h,0.0,144,145
145,0.1,Trametinib,cytosolic,0.717345809697,2.33225343807e-142,13562796.5,72h,7.83637155192e-140,145,146
146,0.31623,Trametinib,cytosolic,0.256665910211,8.86436663335e-24,27126881.0,72h,2.9784271888e-21,146,147
147,0.01,Vorinostat,cytosolic,0.0273534180259,0.415539006056,2895237.0,24h,1.0,147,148
148,0.031623,Vorinostat,cytosolic,-0.20571997411,3.12341882037e-16,2880265.0,24h,1.04946872364e-13,148,149
149,0.1,Vorinostat,cytosolic,-0.0703039067773,0.00972300074901,2773574.0,24h,1.0,149,150
150,0.31623,Vorinostat,cytosolic,-0.0872775088533,2.21895027731e-05,2105315.0,24h,0.00745567293177,150,151
151,1.0,Vorinostat,cytosolic,-0.290350748918,4.8193395088e-28,2164170.5,24h,1.61929807496e-25,151,152
152,3.1623,Vorinostat,cytosolic,-0.244622249584,1.05507904195e-18,1945304.0,24h,3.54506558097e-16,152,153
153,10.0,Vorinostat,cytosolic,0.113400494331,0.00170101806093,1638346.0,24h,0.571542068473,153,154
154,0.01,Vorinostat,cytosolic,-0.059644375431,0.00023362600051,34135449.0,48h,0.0784983361713,154,155
155,0.031623,Vorinostat,cytosolic,0.0196455240144,0.00377881699153,35795732.5,48h,1.0,155,156
156,0.1,Vorinostat,cytosolic,-0.130752908901,6.83598996184e-10,31000100.0,48h,2.29689262718e-07,156,157
157,0.31623,Vorinostat,cytosolic,-0.172622704918,9.19064531385e-22,22518833.0,48h,3.08805682545e-19,157,158
158,1.0,Vorinostat,cytosolic,-0.265012740985,2.37031330025e-29,13334766.0,48h,7.96425268883e-27,158,159
159,3.1623,Vorinostat,cytosolic,-0.269572591027,9.33494213597e-24,6370517.0,48h,3.13654055769e-21,159,160
160,10.0,Vorinostat,cytosolic,0.509598932113,1.11207547771e-38,3422292.0,48h,3.73657360512e-36,160,161
161,0.01,Vorinostat,cytosolic,0.0673775282275,5.25950976351e-15,306842308.0,72h,1.76719528054e-12,161,162
162,0.031623,Vorinostat,cytosolic,0.160200948812,5.19890047608e-79,303670203.0,72h,1.74683055996e-76,162,163
163,0.1,Vorinostat,cytosolic,-0.410265216293,0.0,210379000.0,72h,0.0,163,164
164,0.31623,Vorinostat,cytosolic,-0.3624183681,1.07564125258e-195,173867574.0,72h,3.61415460866e-193,164,165
165,1.0,Vorinostat,cytosolic,-0.60023373113,0.0,48006732.0,72h,0.0,165,166
166,3.1623,Vorinostat,cytosolic,0.78214813569,9.75187513873e-123,8855330.0,72h,3.27663004661e-120,166,167
167,10.0,Vorinostat,cytosolic,-3.98837762013,0.0,19598588.5,72h,0.0,167,168
