,concentration,drug_name,fraction,logfc,pvalue,statistic,timepoint,bonferroni_pvalue,start,end
0,0.01,Alpelisib,nuclear,0.00100038277102,0.120228148108,3241966.0,24h,1.0,0,1
1,0.031623,Alpelisib,nuclear,0.0133686397489,0.000687633924931,2984024.5,24h,0.231044998777,1,2
2,0.1,Alpelisib,nuclear,-0.0425998493091,3.0782144682e-06,2747943.0,24h,0.00103428006131,2,3
3,0.31623,Alpelisib,nuclear,0.0103718948695,0.151575120472,2769856.5,24h,1.0,3,4
4,1.0,Alpelisib,nuclear,0.132387299304,3.22810145458e-34,1961111.5,24h,1.08464208874e-31,4,5
5,3.1623,Alpelisib,nuclear,0.0554154546844,1.98987820448e-06,1952567.0,24h,0.000668599076705,5,6
6,10.0,Alpelisib,nuclear,-0.195435174435,6.91723399259e-86,1380440.5,24h,2.32419062151e-83,6,7
7,0.01,Alpelisib,nuclear,-0.0553977965514,5.08429777545e-52,33039017.0,48h,1.70832405255e-49,7,8
8,0.031623,Alpelisib,nuclear,-0.0821815202164,3.2368057601e-101,28701219.0,48h,1.08756673539e-98,8,9
9,0.1,Alpelisib,nuclear,-0.010271688131,0.000994516376204,34320198.5,48h,0.334157502405,9,10
10,0.31623,Alpelisib,nuclear,-0.0895204624216,3.0849468163e-91,22176825.5,48h,1.03654213028e-88,10,11
11,1.0,Alpelisib,nuclear,0.00150719207071,0.0060890899945,21263617.5,48h,1.0,11,12
12,3.1623,Alpelisib,nuclear,0.0303128612837,0.00942526517678,15489591.0,48h,1.0,12,13
13,10.0,Alpelisib,nuclear,-0.0598575568788,1.9067484753e-30,7920719.5,48h,6.40667487702e-28,13,14
14,0.01,Alpelisib,nuclear,0.0548738312977,2.47642391326e-174,310076629.5,72h,8.32078434854e-172,14,15
15,0.031623,Alpelisib,nuclear,0.11493824309,0.0,204311512.5,72h,0.0,15,16
16,0.1,Alpelisib,nuclear,0.0585049534602,9.08009358223e-101,227891626.5,72h,3.05091144363e-98,16,17
17,0.31623,Alpelisib,nuclear,0.117888013986,0.0,182715860.0,72h,0.0,17,18
18,1.0,Alpelisib,nuclear,0.0858248645543,1.37120269447e-195,182573977.0,72h,4.60724105343e-193,18,19
19,3.1623,Alpelisib,nuclear,0.0138578539609,0.00602181395207,180186889.0,72h,1.0,19,20
20,10.0,Alpelisib,nuclear,0.213457821109,1.7660839253e-242,37837722.0,72h,5.93404198901e-240,20,21
21,0.01,Dasatinib,nuclear,0.0150318685783,0.000648663731515,3592695.0,24h,0.217951013789,21,22
22,0.031623,Dasatinib,nuclear,-0.20749159219,5.6192874381e-93,2884062.0,24h,1.8880805792e-90,22,23
23,0.1,Dasatinib,nuclear,0.36702602466,4.58650809402e-183,562412.0,24h,1.54106671959e-180,23,24
24,0.31623,Dasatinib,nuclear,0.410188724752,4.07476472107e-181,521435.5,24h,1.36912094628e-178,24,25
25,1.0,Dasatinib,nuclear,0.601588507297,1.07427659984e-162,99905.0,24h,3.60956937547e-160,25,26
26,3.1623,Dasatinib,nuclear,0.543430471803,2.93898316889e-155,176773.0,24h,9.87498344748e-153,26,27
27,10.0,Dasatinib,nuclear,0.720094817904,4.56314338806e-133,39605.0,24h,1.53321617839e-130,27,28
28,0.01,Dasatinib,nuclear,0.0530942277302,2.00531741536e-39,32655424.5,48h,6.7378665156e-37,28,29
29,0.031623,Dasatinib,nuclear,0.264311136931,0.0,11685027.5,48h,0.0,29,30
30,0.1,Dasatinib,nuclear,0.26715403087,3.8677958032e-290,6371665.0,48h,1.29957938987e-287,30,31
31,0.31623,Dasatinib,nuclear,0.577197831409,0.0,1049339.5,48h,0.0,31,32
32,1.0,Dasatinib,nuclear,0.593570812379,0.0,817003.0,48h,0.0,32,33
33,3.1623,Dasatinib,nuclear,0.793624493277,1.16010127929e-214,200890.0,48h,3.89794029843e-212,33,34
34,10.0,Dasatinib,nuclear,0.838462032142,7.22394525548e-52,68341.0,48h,2.42724560584e-49,34,35
35,0.01,Dasatinib,nuclear,0.127118895383,0.0,152333283.0,72h,0.0,35,36
36,0.031623,Dasatinib,nuclear,0.144849938453,0.0,146970556.0,72h,0.0,36,37
37,0.1,Dasatinib,nuclear,0.299425459786,0.0,58776130.5,72h,0.0,37,38
38,0.31623,Dasatinib,nuclear,0.64479335519,0.0,4214515.0,72h,0.0,38,39
39,1.0,Dasatinib,nuclear,0.696888228545,3.29275157093e-262,5725734.0,72h,1.10636452783e-259,39,40
40,3.1623,Dasatinib,nuclear,-6.39278809254,1.68164881251e-129,5427642.0,72h,5.65034001002e-127,40,41
41,10.0,Dasatinib,nuclear,-6.41913882393,0.0,1141128.0,72h,0.0,41,42
42,0.01,Etoposide,nuclear,0.0595506232694,9.9883706644e-09,2947234.0,24h,3.35609254324e-06,42,43
43,0.031623,Etoposide,nuclear,-0.0317606185068,5.45344397441e-05,3469924.0,24h,0.018323571754,43,44
44,0.1,Etoposide,nuclear,0.15128932059,7.87492575705e-44,1964121.0,24h,2.64597505437e-41,44,45
45,0.31623,Etoposide,nuclear,-0.131973908322,1.17973327334e-42,1860703.5,24h,3.96390379842e-40,45,46
46,1.0,Etoposide,nuclear,-0.0354241416729,1.22412846061e-06,1374114.0,24h,0.000411307162766,46,47
47,3.1623,Etoposide,nuclear,-0.114303511212,9.43598775007e-31,1112182.5,24h,3.17049188402e-28,47,48
48,10.0,Etoposide,nuclear,-0.181118253604,3.89488074519e-42,724869.0,24h,1.30867993038e-39,48,49
49,0.01,Etoposide,nuclear,-0.0207577529431,1.63174705774e-10,31872127.5,48h,5.48267011401e-08,49,50
50,0.031623,Etoposide,nuclear,-0.0593953763483,3.87497630816e-44,27395782.0,48h,1.30199203954e-41,50,51
51,0.1,Etoposide,nuclear,-0.139276317836,4.04229568812e-148,14880941.5,48h,1.35821135121e-145,51,52
52,0.31623,Etoposide,nuclear,-0.264276014493,0.0,7623690.5,48h,0.0,52,53
53,1.0,Etoposide,nuclear,-0.403233845008,4.40535037831e-209,1897239.5,48h,1.48019772711e-206,53,54
54,3.1623,Etoposide,nuclear,-0.387681147133,7.76247007378e-179,1428035.0,48h,2.60818994479e-176,54,55
55,10.0,Etoposide,nuclear,-0.374608912634,4.58320772149e-132,1337774.5,48h,1.53995779442e-129,55,56
56,0.01,Etoposide,nuclear,0.0562461221078,1.03166959638e-83,254572158.5,72h,3.46640984384e-81,56,57
57,0.031623,Etoposide,nuclear,-0.0759743186289,1.739170393e-162,216285609.5,72h,5.84361252047e-160,57,58
58,0.1,Etoposide,nuclear,-0.00238518299941,0.156529081508,175711663.0,72h,1.0,58,59
59,0.31623,Etoposide,nuclear,-0.128878189286,4.69601376725e-169,58062578.0,72h,1.5778606258e-166,59,60
60,1.0,Etoposide,nuclear,-0.144829971225,2.41990697926e-48,14710065.5,72h,8.13088745031e-46,60,61
61,3.1623,Etoposide,nuclear,0.0597801001572,0.000111439671354,12637934.5,72h,0.0374437295748,61,62
62,10.0,Etoposide,nuclear,-6.41110129595,0.0,14158931.5,72h,0.0,62,63
63,0.001,Neratinib,nuclear,0.100039334774,1.66470556478e-34,2784310.5,24h,5.59341069767e-32,63,64
64,0.0032,Neratinib,nuclear,-0.0745173678089,2.79754144857e-22,3322401.5,24h,9.3997392672e-20,64,65
65,0.01,Neratinib,nuclear,0.107441981686,1.37176078283e-19,2016133.0,24h,4.60911623032e-17,65,66
66,0.031623,Neratinib,nuclear,0.0446298247626,5.3669290048e-05,2074129.5,24h,0.0180328814561,66,67
67,0.1,Neratinib,nuclear,-0.232089591351,4.24957544582e-135,1247651.5,24h,1.4278573498e-132,67,68
68,0.31623,Neratinib,nuclear,-0.0246220303442,1.32092912564e-05,2075442.5,24h,0.00443832186216,68,69
69,1.0,Neratinib,nuclear,0.0251929947083,0.141638059652,2008509.0,24h,1.0,69,70
70,0.001,Neratinib,nuclear,0.00318260325033,0.430328626849,32005584.5,48h,1.0,70,71
71,0.0032,Neratinib,nuclear,-0.0408879971512,1.28381183163e-30,39142920.5,48h,4.31360775429e-28,71,72
72,0.01,Neratinib,nuclear,-0.111434719775,2.41676178024e-156,19589107.5,48h,8.12031958161e-154,72,73
73,0.031623,Neratinib,nuclear,-0.0238284506833,7.81972300969e-08,18600956.0,48h,2.62742693126e-05,73,74
74,0.1,Neratinib,nuclear,0.172576188895,1.3614041283e-105,8618953.5,48h,4.57431787109e-103,74,75
75,0.31623,Neratinib,nuclear,0.129873333384,3.35195501029e-43,5876298.5,48h,1.12625688346e-40,75,76
76,1.0,Neratinib,nuclear,0.176390497258,2.72600312031e-62,4700006.5,48h,9.15937048424e-60,76,77
77,0.001,Neratinib,nuclear,-0.10814392562,0.0,249923767.5,72h,0.0,77,78
78,0.0032,Neratinib,nuclear,0.0627344830259,6.23909919442e-188,317570691.5,72h,2.09633732933e-185,78,79
79,0.01,Neratinib,nuclear,0.0129540348332,2.40112704812e-07,273607224.0,72h,8.06778688167e-05,79,80
80,0.031623,Neratinib,nuclear,-0.00694522118064,0.0997691007215,186749517.5,72h,1.0,80,81
81,0.1,Neratinib,nuclear,0.260528431312,0.0,47948066.5,72h,0.0,81,82
82,0.31623,Neratinib,nuclear,0.448401005174,0.0,7245847.0,72h,0.0,82,83
83,1.0,Neratinib,nuclear,0.478605981232,1.85434919963e-100,6048401.0,72h,6.23061331075e-98,83,84
84,0.0001,Paclitaxel,nuclear,0.198445881777,2.79932649026e-120,1907266.0,24h,9.40573700727e-118,84,85
85,0.00032,Paclitaxel,nuclear,-0.0584542850331,4.64312156803e-13,2695018.5,24h,1.56008884686e-10,85,86
86,0.001,Paclitaxel,nuclear,-0.0429133905105,5.08564618769e-09,2477863.0,24h,1.70877711906e-06,86,87
87,0.0031623,Paclitaxel,nuclear,0.0119991678427,0.327868431177,2340520.0,24h,1.0,87,88
88,0.01,Paclitaxel,nuclear,0.225320128167,1.25901635499e-47,891930.0,24h,4.23029495275e-45,88,89
89,0.031623,Paclitaxel,nuclear,-5.69379134957,0.0,1011711.5,24h,0.0,89,90
90,0.1,Paclitaxel,nuclear,0.411338880494,5.78281792079e-72,197097.0,24h,1.94302682139e-69,90,91
91,0.0001,Paclitaxel,nuclear,-0.00601251810538,0.00241947602913,29669955.5,48h,0.812943945788,91,92
92,0.00032,Paclitaxel,nuclear,-0.0343688972722,4.31125363407e-17,31258971.5,48h,1.44858122105e-14,92,93
93,0.001,Paclitaxel,nuclear,-0.0906401482332,2.95105034854e-78,17689506.0,48h,9.91552917109e-76,93,94
94,0.0031623,Paclitaxel,nuclear,-0.0743543071801,6.80785316514e-27,7562035.5,48h,2.28743866349e-24,94,95
95,0.01,Paclitaxel,nuclear,0.156460496098,3.47931404366e-21,3120471.5,48h,1.16904951867e-18,95,96
96,0.031623,Paclitaxel,nuclear,0.258683883894,2.88849529486e-23,784023.0,48h,9.70534419073e-21,96,97
97,0.1,Paclitaxel,nuclear,0.47505393828,1.01755715505e-33,233159.0,48h,3.41899204097e-31,97,98
98,0.0001,Paclitaxel,nuclear,0.0414361893103,1.12126419092e-77,282385319.0,72h,3.76744768149e-75,98,99
99,0.00032,Paclitaxel,nuclear,0.0588959579757,6.62619743163e-165,302370410.0,72h,2.22640233703e-162,99,100
100,0.001,Paclitaxel,nuclear,0.0847431302205,5.3879285393e-128,127945957.0,72h,1.8103439892e-125,100,101
101,0.0031623,Paclitaxel,nuclear,0.390701942683,7.44986282767e-79,5617831.5,72h,2.5031539101e-76,101,102
102,0.01,Paclitaxel,nuclear,-5.57313983568,2.22311230373e-29,10721914.0,72h,7.46965734053e-27,102,103
103,0.031623,Paclitaxel,nuclear,-6.45788283673,0.0,5095094.5,72h,0.0,103,104
104,0.1,Paclitaxel,nuclear,-6.45025462491,0.0,1313580.0,72h,0.0,104,105
105,0.01,Palbociclib,nuclear,-0.00950643085785,0.0595408113938,2916352.0,24h,1.0,105,106
106,0.031623,Palbociclib,nuclear,0.0757717238048,9.72542839985e-14,3046120.0,24h,3.26774394235e-11,106,107
107,0.1,Palbociclib,nuclear,-0.169763274246,8.41138894517e-65,1679301.5,24h,2.82622668558e-62,107,108
108,0.31623,Palbociclib,nuclear,-0.289994648714,3.70353213505e-189,1190400.5,24h,1.24438679738e-186,108,109
109,1.0,Palbociclib,nuclear,-0.36353339667,9.291974374e-187,602513.0,24h,3.12210338966e-184,109,110
110,3.1623,Palbociclib,nuclear,-0.221576542321,7.51132770907e-120,1142320.0,24h,2.52380611025e-117,110,111
111,10.0,Palbociclib,nuclear,-0.352364098317,1.03050237722e-277,790133.0,24h,3.46248798746e-275,111,112
112,0.01,Palbociclib,nuclear,-0.0672985626147,3.49058016874e-70,31036659.5,48h,1.1728349367e-67,112,113
113,0.031623,Palbociclib,nuclear,0.0531442807263,4.6350254754e-35,30777799.5,48h,1.55736855973e-32,113,114
114,0.1,Palbociclib,nuclear,-0.00223921310635,0.0505275226441,28156857.5,48h,1.0,114,115
115,0.31623,Palbociclib,nuclear,-0.101668476248,3.34640984676e-117,22460287.5,48h,1.12439370851e-114,115,116
116,1.0,Palbociclib,nuclear,-0.0789798621099,1.02272380783e-43,12705199.0,48h,3.43635199429e-41,116,117
117,3.1623,Palbociclib,nuclear,-0.326783434286,0.0,3766094.5,48h,0.0,117,118
118,10.0,Palbociclib,nuclear,-0.335189034075,0.0,3264210.0,48h,0.0,118,119
119,0.01,Palbociclib,nuclear,0.0805632852046,1.87226893071e-229,217392228.5,72h,6.29082360718e-227,119,120
120,0.031623,Palbociclib,nuclear,0.0518123255065,3.76742681035e-135,316969637.5,72h,1.26585540828e-132,120,121
121,0.1,Palbociclib,nuclear,0.0757526709857,1.01869019017e-218,190520694.5,72h,3.42279903899e-216,121,122
122,0.31623,Palbociclib,nuclear,-0.0290503849453,2.2659485049e-19,193709424.0,72h,7.61358697647e-17,122,123
123,1.0,Palbociclib,nuclear,0.0554216920455,2.08764554485e-55,127133950.5,72h,7.0144890307e-53,123,124
124,3.1623,Palbociclib,nuclear,-0.128716072454,9.38387981698e-186,73995476.0,72h,3.15298361851e-183,124,125
125,10.0,Palbociclib,nuclear,-0.0426541825067,1.73195699064e-24,53221350.0,72h,5.81937548853e-22,125,126
126,0.0003,Trametinib,nuclear,0.00793020384331,0.288785166166,3066086.5,24h,1.0,126,127
127,0.001,Trametinib,nuclear,-0.0285958372203,1.57304615658e-05,2865154.5,24h,0.00528543508611,127,128
128,0.0031623,Trametinib,nuclear,-0.0698138208736,6.3034185513e-20,2500388.5,24h,2.11794863324e-17,128,129
129,0.01,Trametinib,nuclear,-0.146709614462,5.3702051684e-59,1757384.5,24h,1.80438893658e-56,129,130
130,0.031623,Trametinib,nuclear,-0.221029769739,9.72422811238e-144,1344322.5,24h,3.26734064576e-141,130,131
131,0.1,Trametinib,nuclear,-0.225620220907,4.50269574818e-129,1134371.0,24h,1.51290577139e-126,131,132
132,0.31623,Trametinib,nuclear,-0.205007073213,6.20352085569e-123,1528478.5,24h,2.08438300751e-120,132,133
133,0.0003,Trametinib,nuclear,-0.15134952722,0.0,20550194.5,48h,0.0,133,134
134,0.001,Trametinib,nuclear,-0.10020932618,8.73211174207e-113,19039462.0,48h,2.93398954533e-110,134,135
135,0.0031623,Trametinib,nuclear,0.115522751929,1.63435712019e-57,13388696.0,48h,5.49143992383e-55,135,136
136,0.01,Trametinib,nuclear,0.112142646432,2.07314978738e-21,7900694.0,48h,6.96578328559e-19,136,137
137,0.031623,Trametinib,nuclear,0.057769348154,4.27277056729e-06,7393786.0,48h,0.00143565091061,137,138
138,0.1,Trametinib,nuclear,0.0649508152929,1.70243001838e-05,8897293.5,48h,0.00572016486177,138,139
139,0.31623,Trametinib,nuclear,0.0148375525799,0.123867927598,7654427.5,48h,1.0,139,140
140,0.0003,Trametinib,nuclear,-0.0119970790678,3.07381131217e-07,272253616.5,72h,0.000103280060089,140,141
141,0.001,Trametinib,nuclear,0.0351917575281,2.90952492565e-28,206453472.0,72h,9.77600375018e-26,141,142
142,0.0031623,Trametinib,nuclear,0.398961171027,0.0,22292485.0,72h,0.0,142,143
143,0.01,Trametinib,nuclear,0.417078123594,0.0,14460331.0,72h,0.0,143,144
144,0.031623,Trametinib,nuclear,-6.39969402981,0.0,19382435.0,72h,0.0,144,145
145,0.1,Trametinib,nuclear,0.513889634908,0.0,5480441.0,72h,0.0,145,146
146,0.31623,Trametinib,nuclear,0.361037620034,4.41001231826e-284,13261789.5,72h,1.48176413893e-281,146,147
147,0.01,Vorinostat,nuclear,-0.0247546298616,0.0108265215706,2780756.0,24h,1.0,147,148
148,0.031623,Vorinostat,nuclear,-0.0548857708638,6.7748482045e-12,2959541.5,24h,2.27634899671e-09,148,149
149,0.1,Vorinostat,nuclear,0.0335226869431,0.000973442000406,2731775.5,24h,0.327076512136,149,150
150,0.31623,Vorinostat,nuclear,-0.089255074094,2.22063613657e-22,1837875.5,24h,7.46133741886e-20,150,151
151,1.0,Vorinostat,nuclear,-0.417951482196,1.23992679938e-292,802970.0,24h,4.16615404593e-290,151,152
152,3.1623,Vorinostat,nuclear,-0.303081629475,4.15778556284e-160,1057801.5,24h,1.39701594911e-157,152,153
153,10.0,Vorinostat,nuclear,-0.0991801197047,8.22606590349e-21,1376712.0,24h,2.76395814357e-18,153,154
154,0.01,Vorinostat,nuclear,0.022052510306,2.63512240836e-09,33311236.0,48h,8.85401129209e-07,154,155
155,0.031623,Vorinostat,nuclear,-0.0245840614566,4.776636593e-13,34185622.5,48h,1.60494989525e-10,155,156
156,0.1,Vorinostat,nuclear,-0.0763630022197,3.21481628277e-97,25982080.0,48h,1.08017827101e-94,156,157
157,0.31623,Vorinostat,nuclear,-0.0464533877785,6.5402899931e-27,22182527.0,48h,2.19753743768e-24,157,158
158,1.0,Vorinostat,nuclear,-0.257462264381,0.0,7175427.0,48h,0.0,158,159
159,3.1623,Vorinostat,nuclear,-0.333469211697,8.12444373746e-260,2630977.5,48h,2.72981309579e-257,159,160
160,10.0,Vorinostat,nuclear,0.0744802266922,4.35234218725e-08,4337354.5,48h,1.46238697492e-05,160,161
161,0.01,Vorinostat,nuclear,0.0663036158523,6.02619064274e-178,268620448.5,72h,2.02480005596e-175,161,162
162,0.031623,Vorinostat,nuclear,0.071489856487,6.40470453516e-203,281526498.0,72h,2.15198072381e-200,162,163
163,0.1,Vorinostat,nuclear,0.00207594800399,0.421943650216,280349129.5,72h,1.0,163,164
164,0.31623,Vorinostat,nuclear,0.0836736808787,1.04968592208e-152,179056896.0,72h,3.52694469818e-150,164,165
165,1.0,Vorinostat,nuclear,-0.00983563496332,0.0292280367622,81984276.0,72h,1.0,165,166
166,3.1623,Vorinostat,nuclear,0.30283104188,8.11999736288e-106,9536236.5,72h,2.72831911393e-103,166,167
167,10.0,Vorinostat,nuclear,-6.45329657893,0.0,17340713.5,72h,0.0,167,168
