,concentration,drug_name,fraction,logfc,pvalue,statistic,timepoint,bonferroni_pvalue,start,end
0,0.01,Alpelisib,nuclear,-0.0542272525843,0.00360848099701,3152101.5,24h,1.0,0,1
1,0.031623,Alpelisib,nuclear,0.0119670730746,0.0687089626732,3083205.5,24h,1.0,1,2
2,0.1,Alpelisib,nuclear,-0.019329845711,0.0373827347621,2901346.5,24h,1.0,2,3
3,0.31623,Alpelisib,nuclear,0.101464080451,3.63767035506e-10,2492601.5,24h,1.2222572393e-07,3,4
4,1.0,Alpelisib,nuclear,0.319996486479,3.4063853049e-48,1838081.5,24h,1.14454546245e-45,4,5
5,3.1623,Alpelisib,nuclear,0.443280649355,2.08049390369e-84,1266121.5,24h,6.99045951639e-82,5,6
6,10.0,Alpelisib,nuclear,0.802810421026,1.08392686651e-184,929064.0,24h,3.64199427149e-182,6,7
7,0.01,Alpelisib,nuclear,-0.00361071547765,0.17686755193,38319074.0,48h,1.0,7,8
8,0.031623,Alpelisib,nuclear,0.00774232096707,0.0951445123925,35868452.0,48h,1.0,8,9
9,0.1,Alpelisib,nuclear,0.0385692903432,2.50402033953e-07,33638322.0,48h,8.41350834081e-05,9,10
10,0.31623,Alpelisib,nuclear,0.152426503212,5.877944894e-53,23709999.5,48h,1.97498948438e-50,10,11
11,1.0,Alpelisib,nuclear,0.501082091715,0.0,11776663.5,48h,0.0,11,12
12,3.1623,Alpelisib,nuclear,0.690843434912,0.0,6905697.0,48h,0.0,12,13
13,10.0,Alpelisib,nuclear,1.04891686057,0.0,1979632.5,48h,0.0,13,14
14,0.01,Alpelisib,nuclear,0.0671535908932,7.23439805687e-28,344578036.0,72h,2.43075774711e-25,14,15
15,0.031623,Alpelisib,nuclear,-0.0251744682222,2.43450064431e-10,278890566.5,72h,8.1799221649e-08,15,16
16,0.1,Alpelisib,nuclear,-0.141378577781,1.19541430433e-91,229547088.5,72h,4.01659206255e-89,16,17
17,0.31623,Alpelisib,nuclear,0.0574554528863,7.25638485823e-10,243440765.0,72h,2.43814531236e-07,17,18
18,1.0,Alpelisib,nuclear,0.104832753455,1.13611349164e-33,209422087.5,72h,3.81734133191e-31,18,19
19,3.1623,Alpelisib,nuclear,0.102637654937,5.70529578373e-40,165923374.0,72h,1.91697938333e-37,19,20
20,10.0,Alpelisib,nuclear,0.376484588494,2.26507079798e-113,45808514.0,72h,7.6106378812e-111,20,21
21,0.01,Dasatinib,nuclear,0.0896258471678,1.10580483949e-05,3526445.0,24h,0.00371550426067,21,22
22,0.031623,Dasatinib,nuclear,-0.415742448986,3.69668393595e-84,2955073.5,24h,1.24208580248e-81,22,23
23,0.1,Dasatinib,nuclear,1.01998886398,9.51104272797e-263,325634.0,24h,3.1957103566e-260,23,24
24,0.31623,Dasatinib,nuclear,1.3575546114,1.41140995004e-282,232562.0,24h,4.74233743215e-280,24,25
25,1.0,Dasatinib,nuclear,1.71242132564,4.51825032634e-178,64515.0,24h,1.51813210965e-175,25,26
26,3.1623,Dasatinib,nuclear,1.42140100315,9.57719594151e-178,121001.0,24h,3.21793783635e-175,26,27
27,10.0,Dasatinib,nuclear,2.07307317185,3.38376187782e-147,9528.0,24h,1.13694399095e-144,27,28
28,0.01,Dasatinib,nuclear,0.183053252128,5.28677481888e-79,30578891.5,48h,1.77635633914e-76,28,29
29,0.031623,Dasatinib,nuclear,0.486873826678,0.0,13711434.0,48h,0.0,29,30
30,0.1,Dasatinib,nuclear,1.41487919424,0.0,1679612.5,48h,0.0,30,31
31,0.31623,Dasatinib,nuclear,1.91932116874,0.0,409882.5,48h,0.0,31,32
32,1.0,Dasatinib,nuclear,2.08361027009,0.0,253492.5,48h,0.0,32,33
33,3.1623,Dasatinib,nuclear,2.21867208152,1.20619721506e-227,110689.0,48h,4.05282264262e-225,33,34
34,10.0,Dasatinib,nuclear,2.31869663318,2.7688024475e-60,10874.0,48h,9.30317622359e-58,34,35
35,0.01,Dasatinib,nuclear,0.211817365719,1.50748567931e-130,180746137.0,72h,5.06515188249e-128,35,36
36,0.031623,Dasatinib,nuclear,0.323796877144,0.0,158352350.5,72h,0.0,36,37
37,0.1,Dasatinib,nuclear,1.20244619592,0.0,36264793.5,72h,0.0,37,38
38,0.31623,Dasatinib,nuclear,2.10161617883,0.0,3308664.0,72h,0.0,38,39
39,1.0,Dasatinib,nuclear,2.2930474337,0.0,3904873.0,72h,0.0,39,40
40,3.1623,Dasatinib,nuclear,-0.742090792274,4.97833619678e-36,9462818.5,72h,1.67272096212e-33,40,41
41,10.0,Dasatinib,nuclear,-0.78733269843,4.63577192609e-185,5467055.5,72h,1.55761936717e-182,41,42
42,0.01,Etoposide,nuclear,0.0191522339801,0.297721778709,3247253.0,24h,1.0,42,43
43,0.031623,Etoposide,nuclear,0.00900076117211,0.280015771533,3679302.5,24h,1.0,43,44
44,0.1,Etoposide,nuclear,0.213013130781,5.52943019695e-35,2045554.5,24h,1.85788854617e-32,44,45
45,0.31623,Etoposide,nuclear,0.0201927906155,0.122470499413,2496433.0,24h,1.0,45,46
46,1.0,Etoposide,nuclear,0.439262798394,1.48504577704e-72,864119.5,24h,4.98975381087e-70,46,47
47,3.1623,Etoposide,nuclear,0.351714490551,1.34734048405e-47,997863.5,24h,4.52706402641e-45,47,48
48,10.0,Etoposide,nuclear,0.141915535371,2.96792588873e-06,1021861.5,24h,0.000997223098615,48,49
49,0.01,Etoposide,nuclear,0.0697418474114,2.43936595848e-17,31147765.0,48h,8.1962696205e-15,49,50
50,0.031623,Etoposide,nuclear,0.0305189735897,0.000649130805966,30937282.0,48h,0.218107950805,50,51
51,0.1,Etoposide,nuclear,0.314170277506,2.41867839354e-152,14782092.0,48h,8.12675940228e-150,51,52
52,0.31623,Etoposide,nuclear,0.269918173826,2.1153497224e-99,11902048.5,48h,7.10757506727e-97,52,53
53,1.0,Etoposide,nuclear,0.780977517059,1.29026437204e-121,2877945.5,48h,4.33528829006e-119,53,54
54,3.1623,Etoposide,nuclear,0.602627695499,7.97285143554e-82,2532517.5,48h,2.67887808234e-79,54,55
55,10.0,Etoposide,nuclear,0.472992835405,1.28344941423e-57,2241692.0,48h,4.31239003182e-55,55,56
56,0.01,Etoposide,nuclear,-0.106157987303,5.73706471208e-68,257981946.0,72h,1.92765374326e-65,56,57
57,0.031623,Etoposide,nuclear,0.0471356555121,1.33988942601e-12,249192022.0,72h,4.50202847139e-10,57,58
58,0.1,Etoposide,nuclear,-0.21155419697,1.51506341122e-153,142486270.0,72h,5.09061306171e-151,58,59
59,0.31623,Etoposide,nuclear,0.00241158546179,0.0808585736914,80735509.5,72h,1.0,59,60
60,1.0,Etoposide,nuclear,0.611899953625,1.57512804622e-67,13534006.0,72h,5.29243023529e-65,60,61
61,3.1623,Etoposide,nuclear,0.454382904379,1.68246461071e-24,10399607.0,72h,5.65308109199e-22,61,62
62,10.0,Etoposide,nuclear,-0.769016726213,0.0,23344409.0,72h,0.0,62,63
63,0.001,Neratinib,nuclear,0.0418841685153,0.165620264291,3478173.0,24h,1.0,63,64
64,0.0032,Neratinib,nuclear,-0.0658682625313,0.000101952853794,3714750.5,24h,0.0342561588747,64,65
65,0.01,Neratinib,nuclear,0.14550771578,4.70922294159e-11,2140977.0,24h,1.58229890837e-08,65,66
66,0.031623,Neratinib,nuclear,0.226746613354,9.93446284675e-20,1830291.0,24h,3.33797951651e-17,66,67
67,0.1,Neratinib,nuclear,0.363465101474,6.70548560786e-50,1744357.0,24h,2.25304316424e-47,67,68
68,0.31623,Neratinib,nuclear,0.840508931566,8.74320960638e-271,601389.5,24h,2.93771842774e-268,68,69
69,1.0,Neratinib,nuclear,0.796304237445,4.77123914108e-231,598205.0,24h,1.6031363514e-228,69,70
70,0.001,Neratinib,nuclear,0.191761537151,2.95618573128e-87,25495887.0,48h,9.9327840571e-85,70,71
71,0.0032,Neratinib,nuclear,-0.0491457701219,5.55145783248e-07,41777083.5,48h,0.000186528983171,71,72
72,0.01,Neratinib,nuclear,0.171125877027,3.84764341612e-57,22860260.0,48h,1.29280818782e-54,72,73
73,0.031623,Neratinib,nuclear,0.253336080204,7.51953205375e-84,15033110.5,48h,2.52656277006e-81,73,74
74,0.1,Neratinib,nuclear,0.71191859898,1.32036123355e-275,5895538.0,48h,4.43641374471e-273,74,75
75,0.31623,Neratinib,nuclear,1.62849850895,0.0,517914.0,48h,0.0,75,76
76,1.0,Neratinib,nuclear,1.61520524575,0.0,294807.0,48h,0.0,76,77
77,0.001,Neratinib,nuclear,0.136238321391,1.59926436289e-113,287503297.0,72h,5.3735282593e-111,77,78
78,0.0032,Neratinib,nuclear,0.0679492400211,1.35592800897e-32,352968486.5,72h,4.55591811015e-30,78,79
79,0.01,Neratinib,nuclear,-0.0519812260038,1.47562376094e-22,265617774.0,72h,4.95809583675e-20,79,80
80,0.031623,Neratinib,nuclear,0.0259958452379,8.62780211823e-05,183393284.5,72h,0.0289894151173,80,81
81,0.1,Neratinib,nuclear,0.691625351433,0.0,49175563.0,72h,0.0,81,82
82,0.31623,Neratinib,nuclear,1.73368155447,0.0,2954529.5,72h,0.0,82,83
83,1.0,Neratinib,nuclear,1.22617106426,3.33003472432e-113,5596864.5,72h,1.11889166737e-110,83,84
84,0.0001,Paclitaxel,nuclear,0.176841033355,5.18408005583e-25,2677169.0,24h,1.74185089876e-22,84,85
85,0.00032,Paclitaxel,nuclear,0.0162144586957,0.10952897647,3032749.5,24h,1.0,85,86
86,0.001,Paclitaxel,nuclear,0.054166017614,0.00101130464407,2619372.5,24h,0.339798360407,86,87
87,0.0031623,Paclitaxel,nuclear,0.311811757661,4.25736384158e-45,1678563.5,24h,1.43047425077e-42,87,88
88,0.01,Paclitaxel,nuclear,0.945786015757,5.04190316236e-171,401763.5,24h,1.69407946255e-168,88,89
89,0.031623,Paclitaxel,nuclear,-0.860105313344,1.10706083675e-305,1392683.0,24h,3.71972441147e-303,89,90
90,0.1,Paclitaxel,nuclear,1.12512577177,6.03650027883e-107,102699.5,24h,2.02826409369e-104,90,91
91,0.0001,Paclitaxel,nuclear,0.222447982341,9.70923434227e-101,23705747.5,48h,3.262302739e-98,91,92
92,0.00032,Paclitaxel,nuclear,-0.057009365605,9.90747540617e-10,32060097.5,48h,3.32891173647e-07,92,93
93,0.001,Paclitaxel,nuclear,0.104428771041,6.21169091156e-25,19991255.5,48h,2.08712814628e-22,93,94
94,0.0031623,Paclitaxel,nuclear,0.992516191524,0.0,2502065.0,48h,0.0,94,95
95,0.01,Paclitaxel,nuclear,1.52744809181,1.01754865863e-256,401244.5,48h,3.41896349299e-254,95,96
96,0.031623,Paclitaxel,nuclear,1.42865188587,1.30859966072e-82,193038.0,48h,4.39689486003e-80,96,97
97,0.1,Paclitaxel,nuclear,1.44775806254,1.26860091945e-56,53035.0,48h,4.26249908934e-54,97,98
98,0.0001,Paclitaxel,nuclear,0.086656091847,9.66544833917e-36,293733399.0,72h,3.24759064196e-33,98,99
99,0.00032,Paclitaxel,nuclear,0.0620499683005,1.16068283733e-20,337958555.5,72h,3.89989433343e-18,99,100
100,0.001,Paclitaxel,nuclear,0.203469010677,2.75574823006e-103,131003656.5,72h,9.259314053e-101,100,101
101,0.0031623,Paclitaxel,nuclear,1.72076486191,5.97574834457e-178,2573821.0,72h,2.00785144378e-175,101,102
102,0.01,Paclitaxel,nuclear,-0.266178254354,0.30181730134,14527095.5,72h,1.0,102,103
103,0.031623,Paclitaxel,nuclear,-0.827999027485,2.52443240077e-228,8770423.0,72h,8.48209286657e-226,103,104
104,0.1,Paclitaxel,nuclear,-0.803115411653,0.0,5219473.5,72h,0.0,104,105
105,0.01,Palbociclib,nuclear,-0.0209814931609,0.0362129787898,2903027.5,24h,1.0,105,106
106,0.031623,Palbociclib,nuclear,0.040719107813,0.0452822271026,3393612.5,24h,1.0,106,107
107,0.1,Palbociclib,nuclear,0.116550963004,6.672119421e-11,2214244.5,24h,2.24183212546e-08,107,108
108,0.31623,Palbociclib,nuclear,0.0678212995099,0.000291522764003,2566238.5,24h,0.0979516487051,108,109
109,1.0,Palbociclib,nuclear,0.0997738841698,2.59229599114e-05,1657409.5,24h,0.00871011453022,109,110
110,3.1623,Palbociclib,nuclear,0.293966218447,1.58996941073e-50,1536371.0,24h,5.34229722004e-48,110,111
111,10.0,Palbociclib,nuclear,0.2484138869,1.04604463895e-41,1937629.0,24h,3.51470998687e-39,111,112
112,0.01,Palbociclib,nuclear,-0.0739270542229,4.74467982513e-16,34552934.5,48h,1.59421242124e-13,112,113
113,0.031623,Palbociclib,nuclear,0.0819165115316,8.06526834425e-18,32102978.0,48h,2.70993016367e-15,113,114
114,0.1,Palbociclib,nuclear,0.116028322116,2.38424237988e-27,25316199.0,48h,8.01105439639e-25,114,115
115,0.31623,Palbociclib,nuclear,0.0490822770737,1.52658537486e-06,28286662.0,48h,0.000512932685952,115,116
116,1.0,Palbociclib,nuclear,0.249171730994,1.42308053433e-88,11351272.0,48h,4.78155059533e-86,116,117
117,3.1623,Palbociclib,nuclear,0.622812635338,1.46914737158e-263,5037637.5,48h,4.9363351685e-261,117,118
118,10.0,Palbociclib,nuclear,0.709814229731,9.26575051098e-308,4250149.0,48h,3.11329217169e-305,118,119
119,0.01,Palbociclib,nuclear,-0.0934680151587,2.04218786482e-46,247608797.5,72h,6.86175122579e-44,119,120
120,0.031623,Palbociclib,nuclear,0.11430095089,4.03032261625e-88,326671003.5,72h,1.35418839906e-85,120,121
121,0.1,Palbociclib,nuclear,-0.0488441547592,1.57630011627e-17,226466790.0,72h,5.29636839068e-15,121,122
122,0.31623,Palbociclib,nuclear,-0.101267178756,2.20600893889e-37,188280833.0,72h,7.41219003468e-35,122,123
123,1.0,Palbociclib,nuclear,-0.085902900271,6.06601707537e-21,134560469.0,72h,2.03818173732e-18,123,124
124,3.1623,Palbociclib,nuclear,0.0844965163338,2.50707235722e-19,93521242.5,72h,8.42376312025e-17,124,125
125,10.0,Palbociclib,nuclear,0.305359938917,5.15394441341e-69,47790667.5,72h,1.73172532291e-66,125,126
126,0.0003,Trametinib,nuclear,-0.0900144935244,3.52982330548e-09,2767444.5,24h,1.18602063064e-06,126,127
127,0.001,Trametinib,nuclear,0.0636455657106,0.0128985571615,2975607.5,24h,1.0,127,128
128,0.0031623,Trametinib,nuclear,0.144831185243,2.90856188186e-10,2661280.5,24h,9.77276792303e-08,128,129
129,0.01,Trametinib,nuclear,0.0996177661773,7.13496013565e-05,2391070.5,24h,0.0239734660558,129,130
130,0.031623,Trametinib,nuclear,0.0397407237439,0.306228304678,2653869.5,24h,1.0,130,131
131,0.1,Trametinib,nuclear,0.161373707696,1.32811926851e-08,2022499.0,24h,4.46248074219e-06,131,132
132,0.31623,Trametinib,nuclear,0.181013632156,1.11942624121e-15,2366959.5,24h,3.76127217048e-13,132,133
133,0.0003,Trametinib,nuclear,-0.101606512974,4.4537331834e-28,29692841.0,48h,1.49645434962e-25,133,134
134,0.001,Trametinib,nuclear,0.140953417025,5.43461057048e-52,21199401.0,48h,1.82602915168e-49,134,135
135,0.0031623,Trametinib,nuclear,0.752755488342,0.0,7428514.0,48h,0.0,135,136
136,0.01,Trametinib,nuclear,1.13293969733,5.43137600794e-308,3166685.0,48h,1.82494233867e-305,136,137
137,0.031623,Trametinib,nuclear,1.22565799515,0.0,1639659.5,48h,0.0,137,138
138,0.1,Trametinib,nuclear,1.39285175689,0.0,1413298.0,48h,0.0,138,139
139,0.31623,Trametinib,nuclear,1.50355986658,0.0,1149893.0,48h,0.0,139,140
140,0.0003,Trametinib,nuclear,-0.0887147547163,1.5066121106e-45,256675704.5,72h,5.06221669163e-43,140,141
141,0.001,Trametinib,nuclear,0.00586572916871,0.211233899118,221613370.0,72h,1.0,141,142
142,0.0031623,Trametinib,nuclear,0.434599135383,1.11708508734e-193,48695532.5,72h,3.75340589346e-191,142,143
143,0.01,Trametinib,nuclear,1.01307685905,0.0,18688835.0,72h,0.0,143,144
144,0.031623,Trametinib,nuclear,-0.754775740256,1.25297789419e-208,33941582.5,72h,4.21000572449e-206,144,145
145,0.1,Trametinib,nuclear,1.96764211016,0.0,4546590.0,72h,0.0,145,146
146,0.31623,Trametinib,nuclear,1.31733714803,1.02316628914e-289,13070794.5,72h,3.43783873151e-287,146,147
147,0.01,Vorinostat,nuclear,-0.0513280063639,0.00012405167188,2705584.5,24h,0.0416813617515,147,148
148,0.031623,Vorinostat,nuclear,-0.0978703949573,2.9567062471e-12,2952399.5,24h,9.93453299026e-10,148,149
149,0.1,Vorinostat,nuclear,-0.0378842396775,0.00400652548235,2756299.5,24h,1.0,149,150
150,0.31623,Vorinostat,nuclear,-0.154506837667,1.43206073033e-18,1883129.5,24h,4.81172405392e-16,150,151
151,1.0,Vorinostat,nuclear,-0.405150357591,1.74372707583e-108,1570319.5,24h,5.85892297478e-106,151,152
152,3.1623,Vorinostat,nuclear,-0.166209667963,1.35174427212e-23,1887137.0,24h,4.54186075433e-21,152,153
153,10.0,Vorinostat,nuclear,0.0369669141294,0.107798700967,1707953.0,24h,1.0,153,154
154,0.01,Vorinostat,nuclear,-0.028837199653,0.00129086208865,34306406.0,48h,0.433729661788,154,155
155,0.031623,Vorinostat,nuclear,-0.0466818949808,1.20613757269e-05,35236274.0,48h,0.00405262224423,155,156
156,0.1,Vorinostat,nuclear,-0.0205475814353,0.0225930387263,32372472.0,48h,1.0,156,157
157,0.31623,Vorinostat,nuclear,-0.100225030191,2.66534726178e-22,22481852.0,48h,8.95556679957e-20,157,158
158,1.0,Vorinostat,nuclear,0.00541313492879,0.20230797077,15635990.5,48h,1.0,158,159
159,3.1623,Vorinostat,nuclear,0.139318634934,3.42710145811e-14,6751504.5,48h,1.15150608993e-11,159,160
160,10.0,Vorinostat,nuclear,0.960409577815,3.86699400166e-222,1154572.5,48h,1.29930998456e-219,160,161
161,0.01,Vorinostat,nuclear,0.0237259218986,0.000168506208732,314506440.5,72h,0.0566180861339,161,162
162,0.031623,Vorinostat,nuclear,0.00453892698572,0.352191977072,338834539.0,72h,1.0,162,163
163,0.1,Vorinostat,nuclear,-0.267329874903,0.0,205985776.5,72h,0.0,163,164
164,0.31623,Vorinostat,nuclear,-0.216093343241,1.90193152871e-210,172222481.5,72h,6.39048993648e-208,164,165
165,1.0,Vorinostat,nuclear,0.0837500586464,7.99691167175e-15,76939113.5,72h,2.68696232171e-12,165,166
166,3.1623,Vorinostat,nuclear,0.346889707783,9.50172852411e-30,13724482.0,72h,3.1925807841e-27,166,167
167,10.0,Vorinostat,nuclear,-0.816367856508,0.0,32272028.0,72h,0.0,167,168
