,concentration,drug_name,fraction,logfc,pvalue,statistic,timepoint,bonferroni_pvalue,start,end
0,0.01,Alpelisib,cytosolic,-0.0126985728044,0.00141971236667,3134403.0,24h,0.477023355203,0,1
1,0.031623,Alpelisib,cytosolic,0.0235946514343,7.77228650367e-09,2841954.0,24h,2.61148826523e-06,1,2
2,0.1,Alpelisib,cytosolic,-0.0261982248964,9.42582821291e-10,2664692.0,24h,3.16707827954e-07,2,3
3,0.31623,Alpelisib,cytosolic,0.0213362239937,4.48998159743e-07,2560004.5,24h,0.000150863381674,3,4
4,1.0,Alpelisib,cytosolic,0.0558693727351,2.82195447313e-40,1905068.5,24h,9.48176702973e-38,4,5
5,3.1623,Alpelisib,cytosolic,0.0099619739897,0.010534455505,2059369.0,24h,1.0,5,6
6,10.0,Alpelisib,cytosolic,-0.0321955106998,1.17295391034e-09,2038392.5,24h,3.94112513874e-07,6,7
7,0.01,Alpelisib,cytosolic,-0.010490719881,1.87331446959e-05,37131259.5,48h,0.00629433661784,7,8
8,0.031623,Alpelisib,cytosolic,0.00810485646615,0.000634354541479,35183387.5,48h,0.213143125937,8,9
9,0.1,Alpelisib,cytosolic,-0.0121290461242,5.81895447996e-07,33696245.5,48h,0.000195516870527,9,10
10,0.31623,Alpelisib,cytosolic,0.00564383082689,0.00117707455371,27497554.5,48h,0.395497050047,10,11
11,1.0,Alpelisib,cytosolic,0.00965187766336,6.31117182459e-06,20767629.5,48h,0.00212055373306,11,12
12,3.1623,Alpelisib,cytosolic,0.0139561945394,1.76094535995e-07,14875429.0,48h,5.91677640942e-05,12,13
13,10.0,Alpelisib,cytosolic,0.000689455301785,0.448522389666,9864911.5,48h,1.0,13,14
14,0.01,Alpelisib,cytosolic,0.0300122793606,1.51476956357e-91,325814662.5,72h,5.0896257336e-89,14,15
15,0.031623,Alpelisib,cytosolic,0.0712129926988,0.0,218616702.0,72h,0.0,15,16
16,0.1,Alpelisib,cytosolic,-0.0195054535183,2.31986119883e-42,240513023.0,72h,7.79473362807e-40,16,17
17,0.31623,Alpelisib,cytosolic,-0.01552882908,8.14111623899e-29,235366750.5,72h,2.7354150563e-26,17,18
18,1.0,Alpelisib,cytosolic,0.0130901803089,2.31865567298e-14,216211858.5,72h,7.79068306121e-12,18,19
19,3.1623,Alpelisib,cytosolic,0.00474670075578,0.0061842946444,180199473.5,72h,1.0,19,20
20,10.0,Alpelisib,cytosolic,0.044197909679,1.80725702831e-42,52546512.5,72h,6.07238361513e-40,20,21
21,0.01,Dasatinib,cytosolic,-0.00662152009822,0.467386843301,3795145.5,24h,1.0,21,22
22,0.031623,Dasatinib,cytosolic,-0.0303152888073,1.62962459643e-17,3720557.0,24h,5.475538644e-15,22,23
23,0.1,Dasatinib,cytosolic,0.174814589874,6.17975211945e-121,786735.5,24h,2.07639671213e-118,23,24
24,0.31623,Dasatinib,cytosolic,0.0402121215093,6.18329947742e-15,1359103.5,24h,2.07758862441e-12,24,25
25,1.0,Dasatinib,cytosolic,0.115395490153,3.36200816756e-48,450827.5,24h,1.1296347443e-45,25,26
26,3.1623,Dasatinib,cytosolic,0.0864420983169,1.17505901968e-25,654024.0,24h,3.94819830612e-23,26,27
27,10.0,Dasatinib,cytosolic,0.0561155771305,2.37953613232e-10,465832.0,24h,7.99524140461e-08,27,28
28,0.01,Dasatinib,cytosolic,-0.0074424311499,0.0230949984698,36698096.5,48h,1.0,28,29
29,0.031623,Dasatinib,cytosolic,-0.00786335596723,0.000128994938907,24501308.5,48h,0.0433422994727,29,30
30,0.1,Dasatinib,cytosolic,0.0594827013737,2.4776282947e-65,10380488.0,48h,8.32483107018e-63,30,31
31,0.31623,Dasatinib,cytosolic,0.0378086146623,1.21004847691e-18,6215779.0,48h,4.06576288241e-16,31,32
32,1.0,Dasatinib,cytosolic,0.0610039586189,4.59261715577e-31,4436186.0,48h,1.54311936434e-28,32,33
33,3.1623,Dasatinib,cytosolic,0.122277793096,5.00510658175e-56,1687990.0,48h,1.68171581147e-53,33,34
34,10.0,Dasatinib,cytosolic,0.0184811580909,0.16403729954,729691.0,48h,1.0,34,35
35,0.01,Dasatinib,cytosolic,-0.011154566167,3.81129322301e-13,205859230.0,72h,1.28059452293e-10,35,36
36,0.031623,Dasatinib,cytosolic,0.0376282756086,9.60766934277e-84,198490198.0,72h,3.22817689917e-81,36,37
37,0.1,Dasatinib,cytosolic,0.244057499471,0.0,41602982.0,72h,0.0,37,38
38,0.31623,Dasatinib,cytosolic,0.170690488303,2.47841081985e-207,18150351.5,72h,8.32746035469e-205,38,39
39,1.0,Dasatinib,cytosolic,0.155899940242,1.10223777238e-104,11115292.5,72h,3.70351891521e-102,39,40
40,3.1623,Dasatinib,cytosolic,0.0142535260852,0.00342260556407,12831642.0,72h,1.0,40,41
41,10.0,Dasatinib,cytosolic,0.00148052815224,0.0853100805597,15862460.0,72h,1.0,41,42
42,0.01,Etoposide,cytosolic,0.0187787473786,6.55315464304e-08,2967005.0,24h,2.20185996006e-05,42,43
43,0.031623,Etoposide,cytosolic,0.00621625872053,0.0286797222275,3595354.0,24h,1.0,43,44
44,0.1,Etoposide,cytosolic,0.0894545058144,5.45494636493e-82,1685334.0,24h,1.83286197862e-79,44,45
45,0.31623,Etoposide,cytosolic,0.00200272799473,0.163100009476,2505652.5,24h,1.0,45,46
46,1.0,Etoposide,cytosolic,0.202189742158,1.46209404899e-144,571986.0,24h,4.91263600461e-142,46,47
47,3.1623,Etoposide,cytosolic,0.292665843731,2.96380839209e-183,444719.5,24h,9.95839619743e-181,47,48
48,10.0,Etoposide,cytosolic,0.127130070933,1.08387741414e-56,650098.5,24h,3.64182811151e-54,48,49
49,0.01,Etoposide,cytosolic,0.0120474639106,3.80545805821e-09,32047327.5,48h,1.27863390756e-06,49,50
50,0.031623,Etoposide,cytosolic,0.00795790110784,4.0623916749e-05,30696851.5,48h,0.0136496360277,50,51
51,0.1,Etoposide,cytosolic,0.00450504442384,0.00446088210865,21060972.0,48h,1.0,51,52
52,0.31623,Etoposide,cytosolic,0.0101019646263,3.52913981278e-07,15610845.0,48h,0.000118579097709,52,53
53,1.0,Etoposide,cytosolic,0.211442306747,4.23702805087e-191,2078716.5,48h,1.42364142509e-188,53,54
54,3.1623,Etoposide,cytosolic,0.44340916902,1.54513978255e-254,771456.0,48h,5.19166966936e-252,54,55
55,10.0,Etoposide,cytosolic,0.170956873174,3.64782518429e-95,1739242.5,48h,1.22566926192e-92,55,56
56,0.01,Etoposide,cytosolic,0.0045238985838,0.0307984653485,284854317.0,72h,1.0,56,57
57,0.031623,Etoposide,cytosolic,0.105467556512,0.0,171830303.0,72h,0.0,57,58
58,0.1,Etoposide,cytosolic,-0.00496763764168,0.000203039426315,172400702.5,72h,0.0682212472419,58,59
59,0.31623,Etoposide,cytosolic,0.0379825611593,6.6750495656e-41,70436728.0,72h,2.24281665404e-38,59,60
60,1.0,Etoposide,cytosolic,0.237263158298,1.96294089593e-187,8483861.0,72h,6.59548141032e-185,60,61
61,3.1623,Etoposide,cytosolic,0.55495741375,2.09278964145e-241,2422870.5,72h,7.03177319526e-239,61,62
62,10.0,Etoposide,cytosolic,0.0156782842875,8.07792304117e-19,51565350.0,72h,2.71418214183e-16,62,63
63,0.001,Neratinib,cytosolic,0.0550282445974,5.82522259856e-45,2671399.0,24h,1.95727479312e-42,63,64
64,0.0032,Neratinib,cytosolic,-0.00699027492843,0.0346697548527,3840481.0,24h,1.0,64,65
65,0.01,Neratinib,cytosolic,0.0597433782921,1.39607414304e-35,1845713.0,24h,4.69080912063e-33,65,66
66,0.031623,Neratinib,cytosolic,0.0421739058469,4.05083878127e-20,1825651.0,24h,1.36108183051e-17,66,67
67,0.1,Neratinib,cytosolic,-0.0250086327152,8.19941783443e-10,2184518.0,24h,2.75500439237e-07,67,68
68,0.31623,Neratinib,cytosolic,-0.0204461656362,4.70004580463e-07,2042018.5,24h,0.000157921539036,68,69
69,1.0,Neratinib,cytosolic,-0.0247629714275,9.05806336558e-08,1822113.0,24h,3.04350929083e-05,69,70
70,0.001,Neratinib,cytosolic,0.0100579405757,4.12726328893e-07,30425929.0,48h,0.000138676046508,70,71
71,0.0032,Neratinib,cytosolic,-0.00929046197472,1.76030600691e-06,41870549.0,48h,0.000591462818321,71,72
72,0.01,Neratinib,cytosolic,0.011510025398,3.0317459572e-07,26184397.5,48h,0.000101866664162,72,73
73,0.031623,Neratinib,cytosolic,0.0118031984966,1.72903181231e-07,18638418.0,48h,5.80954688936e-05,73,74
74,0.1,Neratinib,cytosolic,-0.00859655356162,0.0129046319856,12519387.5,48h,1.0,74,75
75,0.31623,Neratinib,cytosolic,0.0215125822642,1.07223167267e-09,7068794.0,48h,3.60269842018e-07,75,76
76,1.0,Neratinib,cytosolic,0.000886382028074,0.0403584740295,6852765.5,48h,1.0,76,77
77,0.001,Neratinib,cytosolic,0.0299083826384,1.87316679133e-83,293691261.0,72h,6.29384041885e-81,77,78
78,0.0032,Neratinib,cytosolic,0.00899224225234,2.69598398622e-11,363700977.0,72h,9.0585061937e-09,78,79
79,0.01,Neratinib,cytosolic,0.113344487004,0.0,187032632.5,72h,0.0,79,80
80,0.031623,Neratinib,cytosolic,0.00512425299073,0.00753087231913,185191647.5,72h,1.0,80,81
81,0.1,Neratinib,cytosolic,0.0423302287997,2.62006151483e-54,77470480.5,72h,8.80340668983e-52,81,82
82,0.31623,Neratinib,cytosolic,0.0639829093557,1.54801276496e-37,22891886.0,72h,5.20132289028e-35,82,83
83,1.0,Neratinib,cytosolic,0.0316513728105,1.03178136278e-05,11787114.0,72h,0.00346678537893,83,84
84,0.0001,Paclitaxel,cytosolic,0.090443638296,1.88203525472e-88,2107382.5,24h,6.32363845587e-86,84,85
85,0.00032,Paclitaxel,cytosolic,-0.00328760020756,0.0810757373183,3023104.0,24h,1.0,85,86
86,0.001,Paclitaxel,cytosolic,-0.00681558983861,0.0187888888729,2673355.0,24h,1.0,86,87
87,0.0031623,Paclitaxel,cytosolic,0.0434302985661,1.95560929794e-18,1939584.0,24h,6.57084724108e-16,87,88
88,0.01,Paclitaxel,cytosolic,0.149933745877,7.38314878938e-77,743140.5,24h,2.48073799323e-74,88,89
89,0.031623,Paclitaxel,cytosolic,-0.035695987367,2.21321070248e-21,3198817.0,24h,7.43638796032e-19,89,90
90,0.1,Paclitaxel,cytosolic,0.00316930183501,0.0537971280683,578355.0,24h,1.0,90,91
91,0.0001,Paclitaxel,cytosolic,0.000733766158888,0.247476834856,30359887.0,48h,1.0,91,92
92,0.00032,Paclitaxel,cytosolic,-0.00564621543358,0.0179708057596,33405647.0,48h,1.0,92,93
93,0.001,Paclitaxel,cytosolic,-0.000965791295201,0.142659427225,22492384.0,48h,1.0,93,94
94,0.0031623,Paclitaxel,cytosolic,0.035517939828,2.34451842793e-20,7813348.5,48h,7.87758191783e-18,94,95
95,0.01,Paclitaxel,cytosolic,0.0957186715539,1.04644356025e-59,2367079.0,48h,3.51605036245e-57,95,96
96,0.031623,Paclitaxel,cytosolic,0.0295750286137,3.40896189252e-05,1155939.5,48h,0.0114541119589,96,97
97,0.1,Paclitaxel,cytosolic,0.0527501012426,1.47911160844e-05,609461.5,48h,0.00496981500435,97,98
98,0.0001,Paclitaxel,cytosolic,0.0130563917374,5.13277064308e-18,300791598.0,72h,1.72461093607e-15,98,99
99,0.00032,Paclitaxel,cytosolic,0.0113170890676,8.12629848159e-20,338372394.0,72h,2.73043628981e-17,99,100
100,0.001,Paclitaxel,cytosolic,0.0545147119403,5.98064910312e-143,126240028.0,72h,2.00949809865e-140,100,101
101,0.0031623,Paclitaxel,cytosolic,0.168083055195,1.41767453185e-82,5475977.0,72h,4.76338642701e-80,101,102
102,0.01,Paclitaxel,cytosolic,0.0560606260545,1.0494118398e-17,11685990.5,72h,3.52602378174e-15,102,103
103,0.031623,Paclitaxel,cytosolic,0.00621482388933,0.0718208343398,22615108.0,72h,1.0,103,104
104,0.1,Paclitaxel,cytosolic,0.00587151504705,0.13790777751,21109524.5,72h,1.0,104,105
105,0.01,Palbociclib,cytosolic,-0.0102014525603,0.00645327566028,2864369.0,24h,1.0,105,106
106,0.031623,Palbociclib,cytosolic,0.0266272643061,2.2867844433e-14,3034392.0,24h,7.6835957295e-12,106,107
107,0.1,Palbociclib,cytosolic,-0.00328760020756,0.336550402305,2518985.0,24h,1.0,107,108
108,0.31623,Palbociclib,cytosolic,-0.00685440691961,0.0803515493967,2674545.5,24h,1.0,108,109
109,1.0,Palbociclib,cytosolic,-0.0292454955346,2.36532404622e-09,1581297.0,24h,7.94748879531e-07,109,110
110,3.1623,Palbociclib,cytosolic,-0.000458847124221,0.395960811535,2227582.5,24h,1.0,110,111
111,10.0,Palbociclib,cytosolic,-0.0146584055175,0.000746177388371,2472301.0,24h,0.250715602493,111,112
112,0.01,Palbociclib,cytosolic,-0.0124171867045,2.7386087625e-08,35500853.5,48h,9.20172544199e-06,112,113
113,0.031623,Palbociclib,cytosolic,0.00818322653698,4.44088585993e-06,33532153.5,48h,0.00149213764894,113,114
114,0.1,Palbociclib,cytosolic,0.00952465372086,3.10406336221e-08,26983000.0,48h,1.0429652897e-05,114,115
115,0.31623,Palbociclib,cytosolic,-0.000743996311564,0.4570147876,29736888.0,48h,1.0,115,116
116,1.0,Palbociclib,cytosolic,0.00538866374643,0.0756190338854,15452222.5,48h,1.0,116,117
117,3.1623,Palbociclib,cytosolic,0.0192590537839,2.33931617904e-10,10356983.5,48h,7.86010236159e-08,117,118
118,10.0,Palbociclib,cytosolic,0.0219492817724,1.99674679218e-13,9801970.0,48h,6.70906922171e-11,118,119
119,0.01,Palbociclib,cytosolic,-0.00821780076423,1.27314159412e-13,259218536.0,72h,4.27775575625e-11,119,120
120,0.031623,Palbociclib,cytosolic,0.0219342897241,2.58203093332e-58,334293329.0,72h,8.67562393597e-56,120,121
121,0.1,Palbociclib,cytosolic,0.0375359994661,4.94791319689e-107,205459120.5,72h,1.66249883416e-104,121,122
122,0.31623,Palbociclib,cytosolic,0.00274402268763,0.0750210899052,204401296.0,72h,1.0,122,123
123,1.0,Palbociclib,cytosolic,0.0501743917417,2.22421086889e-110,119312187.0,72h,7.47334851945e-108,123,124
124,3.1623,Palbociclib,cytosolic,0.0390264594507,2.61926796713e-51,87594580.0,72h,8.80074036954e-49,124,125
125,10.0,Palbociclib,cytosolic,0.0304797220403,8.08270086218e-21,53855256.5,72h,2.71578748969e-18,125,126
126,0.0003,Trametinib,cytosolic,-0.00744649685041,0.0500035766512,3003997.0,24h,1.0,126,127
127,0.001,Trametinib,cytosolic,0.0177869225132,3.23236044134e-07,2818641.5,24h,0.000108607310829,127,128
128,0.0031623,Trametinib,cytosolic,0.00996676995213,9.0050857295e-05,2798697.5,24h,0.0302570880511,128,129
129,0.01,Trametinib,cytosolic,0.0027837619552,0.235607425029,2549258.0,24h,1.0,129,130
130,0.031623,Trametinib,cytosolic,-0.0387634068386,3.5995990691e-18,2229205.5,24h,1.20946528722e-15,130,131
131,0.1,Trametinib,cytosolic,-0.0243798233274,2.38544920702e-07,2047709.5,24h,8.01510933558e-05,131,132
132,0.31623,Trametinib,cytosolic,-0.0227305014812,1.19075817839e-08,2492847.0,24h,4.00094747939e-06,132,133
133,0.0003,Trametinib,cytosolic,-0.00383741629226,0.00624031643437,32561833.5,48h,1.0,133,134
134,0.001,Trametinib,cytosolic,-0.0124619033321,6.12143213927e-08,24065807.0,48h,2.05680119879e-05,134,135
135,0.0031623,Trametinib,cytosolic,0.00989650756239,0.00533903699793,16493516.0,48h,1.0,135,136
136,0.01,Trametinib,cytosolic,0.0234573043874,3.5896016826e-11,8391856.5,48h,1.20610616535e-08,136,137
137,0.031623,Trametinib,cytosolic,-0.00487497454296,0.12477899306,7905014.0,48h,1.0,137,138
138,0.1,Trametinib,cytosolic,-0.0077643037845,0.139361089467,9416810.5,48h,1.0,138,139
139,0.31623,Trametinib,cytosolic,0.0179266514079,1.91207354675e-05,7203125.5,48h,0.00642456711707,139,140
140,0.0003,Trametinib,cytosolic,0.0513447870729,1.09680503478e-199,229358358.0,72h,3.68526491687e-197,140,141
141,0.001,Trametinib,cytosolic,-0.00584986180247,0.000214822662665,217556217.5,72h,0.0721804146555,141,142
142,0.0031623,Trametinib,cytosolic,0.0682096781624,2.84589161397e-105,55096520.0,72h,9.56219582294e-103,142,143
143,0.01,Trametinib,cytosolic,0.0366535414981,1.45217852377e-22,38483315.0,72h,4.87931983986e-20,143,144
144,0.031623,Trametinib,cytosolic,0.00331110048351,0.179811916811,54974542.0,72h,1.0,144,145
145,0.1,Trametinib,cytosolic,0.0575430011624,4.04031248121e-25,20677844.5,72h,1.35754499369e-22,145,146
146,0.31623,Trametinib,cytosolic,0.0473395661097,1.00117398524e-25,26894850.5,72h,3.3639445904e-23,146,147
147,0.01,Vorinostat,cytosolic,-0.0397459629625,2.91979735349e-20,2404249.5,24h,9.81051910774e-18,147,148
148,0.031623,Vorinostat,cytosolic,0.0049270213191,0.0173216333568,3238447.0,24h,1.0,148,149
149,0.1,Vorinostat,cytosolic,0.0230291877495,2.21882776936e-09,2579768.0,24h,7.45526130505e-07,149,150
150,0.31623,Vorinostat,cytosolic,-0.026281828174,5.23682390408e-10,2008514.5,24h,1.75957283177e-07,150,151
151,1.0,Vorinostat,cytosolic,-0.0165183194924,0.00393381452214,2602870.0,24h,1.0,151,152
152,3.1623,Vorinostat,cytosolic,-0.020421675197,1.81545674582e-06,2146368.5,24h,0.000609993466595,152,153
153,10.0,Vorinostat,cytosolic,-0.0257557000093,4.92324443412e-05,1598593.0,24h,0.0165421012986,153,154
154,0.01,Vorinostat,cytosolic,-0.00433139858834,0.00342153678864,34415339.0,48h,1.0,154,155
155,0.031623,Vorinostat,cytosolic,0.00379775909653,0.0479543621781,36158528.0,48h,1.0,155,156
156,0.1,Vorinostat,cytosolic,0.00690918508908,9.99940786296e-06,31607186.5,48h,0.00335980104196,156,157
157,0.31623,Vorinostat,cytosolic,0.00679642723734,0.018601703794,24667604.5,48h,1.0,157,158
158,1.0,Vorinostat,cytosolic,0.013912287946,6.96427918057e-09,14560007.5,48h,2.33999780467e-06,158,159
159,3.1623,Vorinostat,cytosolic,0.00685035600509,0.010544729138,7544973.0,48h,1.0,159,160
160,10.0,Vorinostat,cytosolic,0.0351622469676,2.4638080527e-08,4325074.0,48h,8.27839505707e-06,160,161
161,0.01,Vorinostat,cytosolic,0.00834453050734,3.76689609139e-09,310453315.5,72h,1.26567708671e-06,161,162
162,0.031623,Vorinostat,cytosolic,0.0100084128973,1.6125909714e-11,326880069.0,72h,5.4183056639e-09,162,163
163,0.1,Vorinostat,cytosolic,-0.0030833109179,0.00122965781534,275518807.0,72h,0.413165025953,163,164
164,0.31623,Vorinostat,cytosolic,0.0211318376027,2.2531608305e-33,200141945.0,72h,7.57062039047e-31,164,165
165,1.0,Vorinostat,cytosolic,0.0469142281423,1.35780447927e-57,69726112.0,72h,4.56222305036e-55,165,166
166,3.1623,Vorinostat,cytosolic,0.189951336997,1.75162364531e-124,8787875.5,72h,5.88545544823e-122,166,167
167,10.0,Vorinostat,cytosolic,0.00931975317989,5.94289450546e-07,81419838.0,72h,0.000199681255384,167,168
