,concentration,drug_name,fraction,logfc,pvalue,statistic,timepoint,bonferroni_pvalue,start,end
0,0.01,Alpelisib,nuclear,-0.541710507065,1.68189514063e-62,2323026.0,24h,5.65116767252e-60,0,1
1,0.031623,Alpelisib,nuclear,0.0817904831057,2.1706219712e-11,2787773.5,24h,7.29328982324e-09,1,2
2,0.1,Alpelisib,nuclear,0.00433494752229,0.0192285687593,2885214.0,24h,1.0,2,3
3,0.31623,Alpelisib,nuclear,0.123146753374,2.00718365075e-21,2315759.5,24h,6.74413706651e-19,3,4
4,1.0,Alpelisib,nuclear,0.231433625682,7.40267896681e-38,1926877.0,24h,2.48730013285e-35,4,5
5,3.1623,Alpelisib,nuclear,0.271019515896,1.20053083461e-47,1496743.0,24h,4.03378360429e-45,5,6
6,10.0,Alpelisib,nuclear,-0.00631397150077,0.398517535974,2314175.0,24h,1.0,6,7
7,0.01,Alpelisib,nuclear,0.160313592991,2.32960219124e-119,30039611.5,48h,7.82746336256e-117,7,8
8,0.031623,Alpelisib,nuclear,0.0760287565245,4.80353662422e-23,32822649.0,48h,1.61398830574e-20,8,9
9,0.1,Alpelisib,nuclear,0.0905851068952,6.80973534192e-32,31287405.0,48h,2.28807107488e-29,9,10
10,0.31623,Alpelisib,nuclear,0.171107994375,4.60556841767e-67,23093961.0,48h,1.54747098834e-64,10,11
11,1.0,Alpelisib,nuclear,0.414468373684,8.35742691057e-301,12049923.5,48h,2.80809544195e-298,11,12
12,3.1623,Alpelisib,nuclear,0.446710203085,2.38737734347e-293,7828396.5,48h,8.02158787405e-291,12,13
13,10.0,Alpelisib,nuclear,0.40753623244,2.72129173893e-154,5330405.5,48h,9.14354024279e-152,13,14
14,0.01,Alpelisib,nuclear,-1.47674181658,3.8521947451e-275,295475302.0,72h,1.29433743436e-272,14,15
15,0.031623,Alpelisib,nuclear,-1.22547406977,2.44695102056e-196,237791117.0,72h,8.2217554291e-194,15,16
16,0.1,Alpelisib,nuclear,1.5845659281,0.0,113483529.0,72h,0.0,16,17
17,0.31623,Alpelisib,nuclear,1.36796166089,0.0,133629300.0,72h,0.0,17,18
18,1.0,Alpelisib,nuclear,0.828278625674,3.26529772754e-147,188615810.5,72h,1.09714003645e-144,18,19
19,3.1623,Alpelisib,nuclear,-1.14565367785,1.22674184683e-61,161452752.0,72h,4.12185260534e-59,19,20
20,10.0,Alpelisib,nuclear,-1.16220377423,4.694143185e-24,55214286.5,72h,1.57723211016e-21,20,21
21,0.01,Dasatinib,nuclear,-0.276844805517,6.49288055979e-31,3057638.0,24h,2.18160786809e-28,21,22
22,0.031623,Dasatinib,nuclear,-0.687306549699,1.1243305537e-152,2473964.0,24h,3.77775066042e-150,22,23
23,0.1,Dasatinib,nuclear,0.338421431804,3.4197239212e-39,1209187.0,24h,1.14902723752e-36,23,24
24,0.31623,Dasatinib,nuclear,-0.271221881922,2.40545882299e-11,1404482.0,24h,8.08234164523e-09,24,25
25,1.0,Dasatinib,nuclear,0.775457864354,1.02128945451e-90,294408.0,24h,3.43153256715e-88,25,26
26,3.1623,Dasatinib,nuclear,-1.88779642432,1.88198852466e-86,379567.0,24h,6.32348144287e-84,26,27
27,10.0,Dasatinib,nuclear,-0.165217920815,0.163096445055,588043.0,24h,1.0,27,28
28,0.01,Dasatinib,nuclear,-0.285000600764,2.14458722252e-199,26452189.5,48h,7.20581306767e-197,28,29
29,0.031623,Dasatinib,nuclear,0.251078895871,6.84995583827e-175,17364057.0,48h,2.30158516166e-172,29,30
30,0.1,Dasatinib,nuclear,0.887941979998,0.0,2529834.5,48h,0.0,30,31
31,0.31623,Dasatinib,nuclear,0.666292766315,5.09241511432e-219,2810499.0,48h,1.71105147841e-216,31,32
32,1.0,Dasatinib,nuclear,0.0176814999124,0.153065390993,5824128.5,48h,1.0,32,33
33,3.1623,Dasatinib,nuclear,-1.22114532782,1.45209350449e-129,877231.0,48h,4.87903417508e-127,33,34
34,10.0,Dasatinib,nuclear,0.521052960824,1.95241358707e-17,381559.0,48h,6.56010965257e-15,34,35
35,0.01,Dasatinib,nuclear,1.74309906535,0.0,85752028.5,72h,0.0,35,36
36,0.031623,Dasatinib,nuclear,-1.5179927879,2.8962508128e-262,175489218.0,72h,9.731402731e-260,36,37
37,0.1,Dasatinib,nuclear,1.07625027487,2.10392252533e-186,67065478.0,72h,7.06917968511e-184,37,38
38,0.31623,Dasatinib,nuclear,1.95775058326,8.48339099609e-303,14553526.0,72h,2.85041937469e-300,38,39
39,1.0,Dasatinib,nuclear,2.49866453966,1.83199228728e-210,7246935.5,72h,6.15549408528e-208,39,40
40,3.1623,Dasatinib,nuclear,-2.8093746033,7.33863292372e-54,8452819.5,72h,2.46578066237e-51,40,41
41,10.0,Dasatinib,nuclear,-2.84484545786,1.32839872049e-246,3762124.0,72h,4.46341970085e-244,41,42
42,0.01,Etoposide,nuclear,-2.90428002117,1.25196523199e-244,1307582.5,24h,4.20660317949e-242,42,43
43,0.031623,Etoposide,nuclear,-0.195059590361,3.78385853027e-18,3168185.5,24h,1.27137646617e-15,43,44
44,0.1,Etoposide,nuclear,0.305634292609,6.54046314848e-58,1850493.0,24h,2.19759561789e-55,44,45
45,0.31623,Etoposide,nuclear,0.136786180879,1.06124134275e-15,2151393.5,24h,3.56577091163e-13,45,46
46,1.0,Etoposide,nuclear,-2.48043385887,3.67340476391e-114,683348.0,24h,1.23426400067e-111,46,47
47,3.1623,Etoposide,nuclear,-0.282178035494,1.21899033947e-15,1248640.5,24h,4.09580754064e-13,47,48
48,10.0,Etoposide,nuclear,-0.0863399893225,0.0254576419346,1106670.0,24h,1.0,48,49
49,0.01,Etoposide,nuclear,0.0572295965852,8.9607353203e-09,32097561.5,48h,3.01080706762e-06,49,50
50,0.031623,Etoposide,nuclear,-0.0103197991336,0.00255237545589,31075373.0,48h,0.85759815318,50,51
51,0.1,Etoposide,nuclear,0.130808182175,5.8312075251e-39,18302856.0,48h,1.95928572843e-36,51,52
52,0.31623,Etoposide,nuclear,0.468983095663,0.0,7381641.5,48h,0.0,52,53
53,1.0,Etoposide,nuclear,-0.148244394339,3.04324053771e-09,5207032.0,48h,1.02252882067e-06,53,54
54,3.1623,Etoposide,nuclear,-0.0627611851151,0.00441624047574,4478894.0,48h,1.0,54,55
55,10.0,Etoposide,nuclear,0.199781073515,1.05081249661e-15,3097827.5,48h,3.53072998862e-13,55,56
56,0.01,Etoposide,nuclear,0.648997256188,7.68014098471e-128,246472805.0,72h,2.58052737086e-125,56,57
57,0.031623,Etoposide,nuclear,-1.06529922136,1.20518852063e-32,241274584.5,72h,4.04943342931e-30,57,58
58,0.1,Etoposide,nuclear,1.93770244553,0.0,45083971.5,72h,0.0,58,59
59,0.31623,Etoposide,nuclear,2.18769134038,0.0,12240609.5,72h,0.0,59,60
60,1.0,Etoposide,nuclear,-1.09694192899,3.64290751833e-15,17600298.5,72h,1.22401692616e-12,60,61
61,3.1623,Etoposide,nuclear,-1.4840075571,1.36603972995e-30,9952947.0,72h,4.58989349264e-28,61,62
62,10.0,Etoposide,nuclear,-2.72556815988,0.0,14550573.5,72h,0.0,62,63
63,0.001,Neratinib,nuclear,-0.0195039738348,0.339621052452,3512679.5,24h,1.0,63,64
64,0.0032,Neratinib,nuclear,-3.03262977582,0.0,1125760.0,24h,0.0,64,65
65,0.01,Neratinib,nuclear,0.574943062509,1.64398742674e-225,865802.5,24h,5.52379775383e-223,65,66
66,0.031623,Neratinib,nuclear,0.325076608238,9.75253236784e-89,1312180.5,24h,3.27685087559e-86,66,67
67,0.1,Neratinib,nuclear,-0.0490010604712,0.16649392745,2438397.0,24h,1.0,67,68
68,0.31623,Neratinib,nuclear,-0.768852187974,1.04174193209e-123,1149936.0,24h,3.50025289183e-121,68,69
69,1.0,Neratinib,nuclear,-0.0160577093176,0.397009412934,2045021.5,24h,1.0,69,70
70,0.001,Neratinib,nuclear,0.214259091205,9.94225817171e-171,22816690.0,48h,3.3405987457e-168,70,71
71,0.0032,Neratinib,nuclear,-0.0305688342141,5.7025192354e-12,41008827.5,48h,1.9160464631e-09,71,72
72,0.01,Neratinib,nuclear,0.263226959257,8.22925249029e-147,19844303.0,48h,2.76502883674e-144,72,73
73,0.031623,Neratinib,nuclear,0.424158628948,0.0,9917184.0,48h,0.0,73,74
74,0.1,Neratinib,nuclear,0.427959310911,2.80840085458e-258,6123401.5,48h,9.43622687139e-256,74,75
75,0.31623,Neratinib,nuclear,0.16012622698,1.09268147505e-16,6726154.0,48h,3.67140975616e-14,75,76
76,1.0,Neratinib,nuclear,0.333359431291,1.20165318154e-89,4203872.5,48h,4.03755468998e-87,76,77
77,0.001,Neratinib,nuclear,0.719859096394,1.02115545433e-191,274547776.5,72h,3.43108232654e-189,77,78
78,0.0032,Neratinib,nuclear,-1.9564538936,0.0,200694329.0,72h,0.0,78,79
79,0.01,Neratinib,nuclear,-1.54629640546,0.0,211665485.0,72h,0.0,79,80
80,0.031623,Neratinib,nuclear,0.283176089107,1.19660356311e-37,171160641.0,72h,4.02058797205e-35,80,81
81,0.1,Neratinib,nuclear,-0.680034966032,0.0405904948291,90034941.0,72h,1.0,81,82
82,0.31623,Neratinib,nuclear,-0.201107373962,5.52389491108e-18,25012310.0,72h,1.85602869012e-15,82,83
83,1.0,Neratinib,nuclear,-0.854468321808,8.35294824125e-13,10840614.0,72h,2.80659060906e-10,83,84
84,0.0001,Paclitaxel,nuclear,0.42259369157,9.08370129425e-159,1698559.0,24h,3.05212363487e-156,84,85
85,0.00032,Paclitaxel,nuclear,-0.205045379928,4.13971422397e-19,2597012.5,24h,1.39094397925e-16,85,86
86,0.001,Paclitaxel,nuclear,-0.108389468791,1.15010862197e-05,2557931.0,24h,0.00386436496983,86,87
87,0.0031623,Paclitaxel,nuclear,0.00496607274284,0.000786088578686,2208333.5,24h,0.264125762438,87,88
88,0.01,Paclitaxel,nuclear,-0.844766250239,5.42500678165e-66,794335.0,24h,1.82280227863e-63,88,89
89,0.031623,Paclitaxel,nuclear,-4.68307317297,0.0,565632.0,24h,0.0,89,90
90,0.1,Paclitaxel,nuclear,-0.580710891652,7.14412282086e-16,429197.0,24h,2.40042526781e-13,90,91
91,0.0001,Paclitaxel,nuclear,0.245534862894,8.33967741789e-180,21348991.0,48h,2.80213161241e-177,91,92
92,0.00032,Paclitaxel,nuclear,-0.0763726149985,1.22129920283e-21,30858303.0,48h,4.10356532151e-19,92,93
93,0.001,Paclitaxel,nuclear,0.0687080310741,6.37997197034e-09,21232996.5,48h,2.14367058203e-06,93,94
94,0.0031623,Paclitaxel,nuclear,0.41860519379,2.50301687029e-126,5352430.0,48h,8.41013668418e-124,94,95
95,0.01,Paclitaxel,nuclear,0.269938969904,4.75559895341e-12,3400892.0,48h,1.59788124834e-09,95,96
96,0.031623,Paclitaxel,nuclear,0.56990149858,8.84976771747e-22,806108.0,48h,2.97352195307e-19,96,97
97,0.1,Paclitaxel,nuclear,0.897998435602,2.61079801565e-29,274664.0,48h,8.77228133259e-27,97,98
98,0.0001,Paclitaxel,nuclear,-0.179840904792,1.16290472541e-08,306259609.0,72h,3.90735987737e-06,98,99
99,0.00032,Paclitaxel,nuclear,-1.11207725282,1.3820574037e-255,289024491.5,72h,4.64371287645e-253,99,100
100,0.001,Paclitaxel,nuclear,0.425362323958,3.95957032466e-138,126779632.0,72h,1.33041562909e-135,100,101
101,0.0031623,Paclitaxel,nuclear,1.18574528402,2.56878680746e-44,7146665.0,72h,8.63112367307e-42,101,102
102,0.01,Paclitaxel,nuclear,-1.72718058818,0.242227795315,14462931.5,72h,1.0,102,103
103,0.031623,Paclitaxel,nuclear,-2.8865641023,2.3541971385e-263,7686438.0,72h,7.91010238535e-261,103,104
104,0.1,Paclitaxel,nuclear,-2.8554844826,0.0,4515771.5,72h,0.0,104,105
105,0.01,Palbociclib,nuclear,0.118949196782,5.67863957438e-21,2481305.5,24h,1.90802289699e-18,105,106
106,0.031623,Palbociclib,nuclear,0.166503174175,5.52492012386e-39,2698923.5,24h,1.85637316162e-36,106,107
107,0.1,Palbociclib,nuclear,-0.225123695928,9.29761303224e-11,2216818.0,24h,3.12399797883e-08,107,108
108,0.31623,Palbociclib,nuclear,0.165356430758,1.59433691107e-18,2286245.5,24h,5.35697202121e-16,108,109
109,1.0,Palbociclib,nuclear,0.0445233196913,0.0194882691231,1740820.0,24h,1.0,109,110
110,3.1623,Palbociclib,nuclear,0.192649495126,5.96164029189e-26,1745684.0,24h,2.00311113808e-23,110,111
111,10.0,Palbociclib,nuclear,0.0186844522641,0.0259664474661,2536264.0,24h,1.0,111,112
112,0.01,Palbociclib,nuclear,0.128689393076,3.27220710874e-61,31476742.0,48h,1.09946158854e-58,112,113
113,0.031623,Palbociclib,nuclear,0.165046615831,5.00822019619e-82,28375933.5,48h,1.68276198592e-79,113,114
114,0.1,Palbociclib,nuclear,0.353590542264,9.49411548687e-310,16967688.5,48h,3.19002280359e-307,114,115
115,0.31623,Palbociclib,nuclear,0.212046610758,1.68037278193e-69,24178546.5,48h,5.64605254727e-67,115,116
116,1.0,Palbociclib,nuclear,0.709488251517,0.0,4565077.0,48h,0.0,116,117
117,3.1623,Palbociclib,nuclear,0.474635298676,2.41596548809e-92,7715599.5,48h,8.11764403997e-90,117,118
118,10.0,Palbociclib,nuclear,0.292673397219,4.20689557503e-32,8979194.5,48h,1.41351691321e-29,118,119
119,0.01,Palbociclib,nuclear,1.34630483944,0.0,153895349.5,72h,0.0,119,120
120,0.031623,Palbociclib,nuclear,-1.06256305801,2.76387695832e-295,292971695.0,72h,9.28662657995e-293,120,121
121,0.1,Palbociclib,nuclear,-0.0988945869891,2.43857825696e-18,226131616.0,72h,8.19362294339e-16,121,122
122,0.31623,Palbociclib,nuclear,1.51098972107,0.0,112064100.0,72h,0.0,122,123
123,1.0,Palbociclib,nuclear,-1.09068419308,4.36187759164e-44,129200222.5,72h,1.46559087079e-41,123,124
124,3.1623,Palbociclib,nuclear,-0.123333641892,5.23289423914e-46,88401287.0,72h,1.75825246435e-43,124,125
125,10.0,Palbociclib,nuclear,2.55499285616,0.0,4769457.0,72h,0.0,125,126
126,0.0003,Trametinib,nuclear,0.0439959024545,3.45339276484e-06,2841238.5,24h,0.00116033996899,126,127
127,0.001,Trametinib,nuclear,-0.892535033496,2.10719284555e-78,2034148.5,24h,7.08016796106e-76,127,128
128,0.0031623,Trametinib,nuclear,0.235355688174,1.31544945304e-50,2172183.0,24h,4.41991016222e-48,128,129
129,0.01,Trametinib,nuclear,0.176419369396,1.24630863536e-35,1949781.5,24h,4.18759701482e-33,129,130
130,0.031623,Trametinib,nuclear,-0.116025862303,2.71451414221e-06,2442147.5,24h,0.000912076751782,130,131
131,0.1,Trametinib,nuclear,0.161195865217,4.54932755343e-26,1786724.0,24h,1.52857405795e-23,131,132
132,0.31623,Trametinib,nuclear,0.0978333945803,1.31995398708e-15,2368059.5,24h,4.43504539659e-13,132,133
133,0.0003,Trametinib,nuclear,0.13308760187,5.89947827867e-66,27585003.0,48h,1.98222470163e-63,133,134
134,0.001,Trametinib,nuclear,0.121196452997,2.37133362402e-24,22659734.0,48h,7.96768097671e-22,134,135
135,0.0031623,Trametinib,nuclear,0.213129935403,5.51018736457e-33,14324539.0,48h,1.8514229545e-30,135,136
136,0.01,Trametinib,nuclear,0.493098182911,5.83456358876e-159,4964311.5,48h,1.96041336582e-156,136,137
137,0.031623,Trametinib,nuclear,0.249434396983,1.69345759156e-59,5569664.5,48h,5.69001750765e-57,137,138
138,0.1,Trametinib,nuclear,-0.0198808031008,0.156458481825,9429381.0,48h,1.0,138,139
139,0.31623,Trametinib,nuclear,-0.0207856873273,0.118817639973,7650610.5,48h,1.0,139,140
140,0.0003,Trametinib,nuclear,-1.72770550176,2.77661798844e-284,219316811.0,72h,9.32943644116e-282,140,141
141,0.001,Trametinib,nuclear,-1.7595305695,2.1207794589e-209,176764460.5,72h,7.1258189819e-207,141,142
142,0.0031623,Trametinib,nuclear,-1.58550589609,1.70856545584e-127,53288782.0,72h,5.74077993162e-125,142,143
143,0.01,Trametinib,nuclear,-1.08329898009,2.69501502704e-14,39852302.0,72h,9.05525049085e-12,143,144
144,0.031623,Trametinib,nuclear,-2.80370642428,0.0,27842744.0,72h,0.0,144,145
145,0.1,Trametinib,nuclear,0.233255795591,8.72317002645e-28,20406520.0,72h,2.93098512889e-25,145,146
146,0.31623,Trametinib,nuclear,-0.677672281042,0.000363452032143,30647733.5,72h,0.1221198828,146,147
147,0.01,Vorinostat,nuclear,0.137289046833,8.87169345087e-23,2370907.5,24h,2.98088899949e-20,147,148
148,0.031623,Vorinostat,nuclear,-0.796362426328,2.78324669963e-87,2179481.0,24h,9.35170891074e-85,148,149
149,0.1,Vorinostat,nuclear,-0.0313489537939,0.109075060246,2834261.5,24h,1.0,149,150
150,0.31623,Vorinostat,nuclear,0.125077264059,3.20469317705e-13,1956270.5,24h,1.07677690749e-10,150,151
151,1.0,Vorinostat,nuclear,-0.0309469958672,0.0789410984783,2669030.0,24h,1.0,151,152
152,3.1623,Vorinostat,nuclear,0.0549332516558,2.99229856188e-05,2176532.0,24h,0.0100541231679,152,153
153,10.0,Vorinostat,nuclear,-3.17049750518,2.37242862579e-189,551435.0,24h,7.97136018266e-187,153,154
154,0.01,Vorinostat,nuclear,0.192625362567,3.78760327936e-141,26467007.5,48h,1.27263470186e-138,154,155
155,0.031623,Vorinostat,nuclear,0.0932580873053,2.0465330105e-41,31916928.5,48h,6.87635091528e-39,155,156
156,0.1,Vorinostat,nuclear,0.0989848637197,1.71011974201e-22,29772716.0,48h,5.74600233316e-20,156,157
157,0.31623,Vorinostat,nuclear,0.216015095135,2.81792052461e-136,18092798.5,48h,9.4682129627e-134,157,158
158,1.0,Vorinostat,nuclear,0.714902749052,0.0,5078249.0,48h,0.0,158,159
159,3.1623,Vorinostat,nuclear,0.242417141051,1.34634460945e-20,6485205.5,48h,4.52371788777e-18,159,160
160,10.0,Vorinostat,nuclear,-0.0431069580164,0.00581269054847,4677817.0,48h,1.0,160,161
161,0.01,Vorinostat,nuclear,1.23098110661,0.0,218193620.0,72h,0.0,161,162
162,0.031623,Vorinostat,nuclear,-0.472366788832,3.04148683301e-10,327735386.0,72h,1.02193957589e-07,162,163
163,0.1,Vorinostat,nuclear,1.65009471587,0.0,100051064.5,72h,0.0,163,164
164,0.31623,Vorinostat,nuclear,1.64257022973,0.0,99759995.5,72h,0.0,164,165
165,1.0,Vorinostat,nuclear,1.92680361606,0.0,40902657.5,72h,0.0,165,166
166,3.1623,Vorinostat,nuclear,-1.15421504308,6.38418895874e-09,15939242.0,72h,2.14508749014e-06,166,167
167,10.0,Vorinostat,nuclear,-2.90541253914,0.0,19121432.0,72h,0.0,167,168
