,concentration,drug_name,fraction,logfc,pvalue,statistic,timepoint,bonferroni_pvalue,start,end
0,0.01,Alpelisib,cytosolic,-0.269083571482,6.11380903769e-18,2803761.5,24h,2.05423983666e-15,0,1
1,0.031623,Alpelisib,cytosolic,-0.0145793587584,0.0177352270934,3047482.0,24h,1.0,1,2
2,0.1,Alpelisib,cytosolic,-0.498494579559,1.33495723573e-55,2123868.0,24h,4.48545631204e-53,2,3
3,0.31623,Alpelisib,cytosolic,-0.240292261835,5.37079382817e-13,2440684.0,24h,1.80458672626e-10,3,4
4,1.0,Alpelisib,cytosolic,0.042050386279,0.0778571005892,2510881.5,24h,1.0,4,5
5,3.1623,Alpelisib,cytosolic,-0.595729548808,6.57043061291e-93,1220724.5,24h,2.20766468594e-90,5,6
6,10.0,Alpelisib,cytosolic,-1.19309597284,0.0,394548.5,24h,0.0,6,7
7,0.01,Alpelisib,cytosolic,-0.165778371186,6.79798118685e-21,35205273.0,48h,2.28412167878e-18,7,8
8,0.031623,Alpelisib,cytosolic,0.485893569936,1.22769143395e-171,26346341.0,48h,4.12504321806e-169,8,9
9,0.1,Alpelisib,cytosolic,-0.248630109277,2.14190887692e-49,30218031.0,48h,7.19681382646e-47,9,10
10,0.31623,Alpelisib,cytosolic,0.594479008263,2.16219731225e-189,19356551.0,48h,7.26498296915e-187,10,11
11,1.0,Alpelisib,cytosolic,1.08960060101,0.0,10898811.5,48h,0.0,11,12
12,3.1623,Alpelisib,cytosolic,-0.858788539598,3.21808183732e-295,7802118.5,48h,1.08127549734e-292,12,13
13,10.0,Alpelisib,cytosolic,-1.27435303492,0.0,3307699.0,48h,0.0,13,14
14,0.01,Alpelisib,cytosolic,0.311152847384,3.21935780906e-132,317447681.0,72h,1.08170422384e-129,14,15
15,0.031623,Alpelisib,cytosolic,0.873663875211,0.0,186440104.0,72h,0.0,15,16
16,0.1,Alpelisib,cytosolic,-1.40530471721,0.0,99595484.0,72h,0.0,16,17
17,0.31623,Alpelisib,cytosolic,-1.20922620273,0.0,122093853.5,72h,0.0,17,18
18,1.0,Alpelisib,cytosolic,-0.341203438463,9.44404663364e-112,193719842.5,72h,3.1731996689e-109,18,19
19,3.1623,Alpelisib,cytosolic,-0.574735556783,8.58332597597e-274,136305514.0,72h,2.88399752792e-271,19,20
20,10.0,Alpelisib,cytosolic,-1.17773576129,0.0,32029725.0,72h,0.0,20,21
21,0.01,Dasatinib,cytosolic,0.140065333425,1.2416842056e-05,3528129.0,24h,0.00417205893083,21,22
22,0.031623,Dasatinib,cytosolic,-1.22839314563,0.0,1266053.5,24h,0.0,22,23
23,0.1,Dasatinib,cytosolic,0.407498729049,4.70619794507e-18,1392073.5,24h,1.58128250954e-15,23,24
24,0.31623,Dasatinib,cytosolic,-0.308677498942,8.54069339018e-07,1476073.5,24h,0.00028696729791,24,25
25,1.0,Dasatinib,cytosolic,-0.0684730818183,0.196161136353,831493.0,24h,1.0,25,26
26,3.1623,Dasatinib,cytosolic,-1.05299186346,1.24209023683e-105,316626.5,24h,4.17342319575e-103,26,27
27,10.0,Dasatinib,cytosolic,-1.21270075164,1.27904515072e-126,53867.0,24h,4.29759170642e-124,27,28
28,0.01,Dasatinib,cytosolic,1.23959565678,0.0,16112486.5,48h,0.0,28,29
29,0.031623,Dasatinib,cytosolic,-1.28729261204,0.0,5399421.0,48h,0.0,29,30
30,0.1,Dasatinib,cytosolic,-0.00381453925346,0.499569531222,13907626.0,48h,1.0,30,31
31,0.31623,Dasatinib,cytosolic,-1.25772694456,7.50934055423e-274,2248125.5,48h,2.52313842622e-271,31,32
32,1.0,Dasatinib,cytosolic,-0.835453748504,1.93935326969e-71,3603728.5,48h,6.51622698617e-69,32,33
33,3.1623,Dasatinib,cytosolic,-1.24814287142,1.36160038555e-91,1253342.0,48h,4.57497729546e-89,33,34
34,10.0,Dasatinib,cytosolic,-1.4958534647,1.79383330583e-55,43178.5,48h,6.02727990759e-53,34,35
35,0.01,Dasatinib,cytosolic,-1.13640271254,0.0,119273287.0,72h,0.0,35,36
36,0.031623,Dasatinib,cytosolic,0.368949268445,2.46375526405e-119,192682824.0,72h,8.27821768722e-117,36,37
37,0.1,Dasatinib,cytosolic,0.15508874417,3.46286007247e-09,88690019.5,72h,1.16352098435e-06,37,38
38,0.31623,Dasatinib,cytosolic,-0.70878690727,5.1156740401e-74,25121652.0,72h,1.71886647747e-71,38,39
39,1.0,Dasatinib,cytosolic,-1.64093722483,3.91384104564e-199,7604451.0,72h,1.31505059133e-196,39,40
40,3.1623,Dasatinib,cytosolic,-2.08148780458,1.13839619469e-302,951640.5,72h,3.82501121415e-300,40,41
41,10.0,Dasatinib,cytosolic,-2.09553641211,0.0,1249559.0,72h,0.0,41,42
42,0.01,Etoposide,cytosolic,0.66847662193,1.96704494272e-80,2159352.0,24h,6.60927100755e-78,42,43
43,0.031623,Etoposide,cytosolic,-0.00151238027361,0.000311321576984,3498459.0,24h,0.104604049867,43,44
44,0.1,Etoposide,cytosolic,0.798159275139,2.0154007591e-115,1493045.0,24h,6.77174655059e-113,44,45
45,0.31623,Etoposide,cytosolic,-0.0506082133887,0.43498436891,2547340.0,24h,1.0,45,46
46,1.0,Etoposide,cytosolic,0.588764868447,5.27415608616e-48,997426.5,24h,1.77211644495e-45,46,47
47,3.1623,Etoposide,cytosolic,-0.35971587911,1.25247201377e-15,1248770.0,24h,4.20830596627e-13,47,48
48,10.0,Etoposide,cytosolic,-1.15293998432,4.24300300368e-168,262109.5,24h,1.42564900924e-165,48,49
49,0.01,Etoposide,cytosolic,1.08097393861,0.0,15335293.5,48h,0.0,49,50
50,0.031623,Etoposide,cytosolic,0.716460844639,1.20323670685e-294,19833602.5,48h,4.04287533501e-292,50,51
51,0.1,Etoposide,cytosolic,-0.341014130512,3.85606138417e-65,17240875.0,48h,1.29563662508e-62,51,52
52,0.31623,Etoposide,cytosolic,-0.489298601382,1.8929194686e-90,12130661.0,48h,6.36020941451e-88,52,53
53,1.0,Etoposide,cytosolic,-0.213836071011,1.44545930871e-05,5422976.5,48h,0.00485674327725,53,54
54,3.1623,Etoposide,cytosolic,-1.051680706,4.55131740708e-116,2090697.5,48h,1.52924264878e-113,54,55
55,10.0,Etoposide,cytosolic,-1.40195318055,8.44562087879e-239,424963.0,48h,2.83772861527e-236,55,56
56,0.01,Etoposide,cytosolic,0.041605771682,0.00323666260326,283375559.5,72h,1.0,56,57
57,0.031623,Etoposide,cytosolic,0.686059529057,0.0,185647144.5,72h,0.0,57,58
58,0.1,Etoposide,cytosolic,-0.528894335527,2.68373491429e-178,139765677.5,72h,9.01734931203e-176,58,59
59,0.31623,Etoposide,cytosolic,-1.06774481023,0.0,43843989.5,72h,0.0,59,60
60,1.0,Etoposide,cytosolic,-0.679369580562,2.46050567304e-37,15497654.5,72h,8.2672990614e-35,60,61
61,3.1623,Etoposide,cytosolic,-1.0882961516,2.84675392134e-60,8255517.5,72h,9.56509317571e-58,61,62
62,10.0,Etoposide,cytosolic,-2.09227473811,0.0,5808579.5,72h,0.0,62,63
63,0.001,Neratinib,cytosolic,0.128380761263,9.08573524908e-05,3306818.5,24h,0.0305280704369,63,64
64,0.0032,Neratinib,cytosolic,0.745345486504,9.60435684446e-80,2710567.0,24h,3.22706389974e-77,64,65
65,0.01,Neratinib,cytosolic,0.238208203714,3.22421679412e-12,2121353.0,24h,1.08333684283e-09,65,66
66,0.031623,Neratinib,cytosolic,-0.386317188789,7.55361021386e-39,1641985.5,24h,2.53801303186e-36,66,67
67,0.1,Neratinib,cytosolic,-1.27908864759,0.0,257544.0,24h,0.0,67,68
68,0.31623,Neratinib,cytosolic,-1.29832141099,0.0,160274.5,24h,0.0,68,69
69,1.0,Neratinib,cytosolic,-1.325,0.0,97952.0,24h,0.0,69,70
70,0.001,Neratinib,cytosolic,0.27821927507,1.63951641263e-60,26625104.0,48h,5.50877514644e-58,70,71
71,0.0032,Neratinib,cytosolic,0.869030274109,0.0,25260657.0,48h,0.0,71,72
72,0.01,Neratinib,cytosolic,1.54619399456,0.0,8105337.5,48h,0.0,72,73
73,0.031623,Neratinib,cytosolic,-0.145210582766,1.48848930526e-05,18871219.5,48h,0.00500132406568,73,74
74,0.1,Neratinib,cytosolic,-1.44792267359,0.0,1341911.0,48h,0.0,74,75
75,0.31623,Neratinib,cytosolic,-1.45666814902,0.0,642110.5,48h,0.0,75,76
76,1.0,Neratinib,cytosolic,-1.51140463444,0.0,411490.5,48h,0.0,76,77
77,0.001,Neratinib,cytosolic,0.391354560811,3.83071394117e-201,273184867.0,72h,1.28711988423e-198,77,78
78,0.0032,Neratinib,cytosolic,0.256499760909,3.40962744971e-86,337063913.5,72h,1.1456348231e-83,78,79
79,0.01,Neratinib,cytosolic,1.16073178514,0.0,146411410.0,72h,0.0,79,80
80,0.031623,Neratinib,cytosolic,0.32330111311,3.76334819616e-58,166733662.0,72h,1.26448499391e-55,80,81
81,0.1,Neratinib,cytosolic,-0.926368248489,3.26783661627e-257,60298193.0,72h,1.09799310307e-254,81,82
82,0.31623,Neratinib,cytosolic,-1.92035468885,0.0,3201136.0,72h,0.0,82,83
83,1.0,Neratinib,cytosolic,-2.05396662784,3.25730908209e-287,996482.5,72h,1.09445585158e-284,83,84
84,0.0001,Paclitaxel,cytosolic,0.309870766458,1.99436582041e-31,2597975.0,24h,6.70106915656e-29,84,85
85,0.00032,Paclitaxel,cytosolic,-0.11042786424,0.00117482151639,2929172.0,24h,0.394740029509,85,86
86,0.001,Paclitaxel,cytosolic,-0.552652660067,1.83347711628e-52,1970447.0,24h,6.16048311071e-50,86,87
87,0.0031623,Paclitaxel,cytosolic,-0.262951820191,4.83426373656e-14,1999756.5,24h,1.62431261548e-11,87,88
88,0.01,Paclitaxel,cytosolic,0.0652287316975,0.00515206362446,1326564.0,24h,1.0,88,89
89,0.031623,Paclitaxel,cytosolic,-1.37187139546,0.0,408910.0,24h,0.0,89,90
90,0.1,Paclitaxel,cytosolic,-0.947084260755,1.71932394568e-43,293574.5,24h,5.77692845747e-41,90,91
91,0.0001,Paclitaxel,cytosolic,0.727508156828,3.55887039229e-290,18822825.0,48h,1.19578045181e-287,91,92
92,0.00032,Paclitaxel,cytosolic,-0.339733150454,1.56993929483e-63,28340533.5,48h,5.27499603064e-61,92,93
93,0.001,Paclitaxel,cytosolic,-0.791820586978,7.24148632663e-248,13624803.0,48h,2.43313940575e-245,93,94
94,0.0031623,Paclitaxel,cytosolic,-0.430018034502,8.32142920249e-29,7494825.5,48h,2.79600021204e-26,94,95
95,0.01,Paclitaxel,cytosolic,-0.563392120063,1.28306705781e-20,3135658.5,48h,4.31110531426e-18,95,96
96,0.031623,Paclitaxel,cytosolic,-1.10130148309,2.71065890782e-32,663615.0,48h,9.10781393027e-30,96,97
97,0.1,Paclitaxel,cytosolic,-1.18523411711,1.37226860354e-16,417833.5,48h,4.61082250789e-14,97,98
98,0.0001,Paclitaxel,cytosolic,0.628830013516,0.0,235291518.5,72h,0.0,98,99
99,0.00032,Paclitaxel,cytosolic,0.39870126855,1.47022111836e-199,296914916.5,72h,4.93994295771e-197,99,100
100,0.001,Paclitaxel,cytosolic,0.927230104231,0.0,98244875.5,72h,0.0,100,101
101,0.0031623,Paclitaxel,cytosolic,-0.292924108173,7.54842692753e-08,9878232.0,72h,2.53627144765e-05,101,102
102,0.01,Paclitaxel,cytosolic,-2.02871275525,4.07232610393e-273,2130364.5,72h,1.36830157092e-270,102,103
103,0.031623,Paclitaxel,cytosolic,-2.08515560401,0.0,2969574.5,72h,0.0,103,104
104,0.1,Paclitaxel,cytosolic,-2.10959751298,0.0,1341960.0,72h,0.0,104,105
105,0.01,Palbociclib,cytosolic,-0.759655904654,8.3551899105e-148,1554386.5,24h,2.80734380993e-145,105,106
106,0.031623,Palbociclib,cytosolic,0.301818200519,4.59845530021e-25,2866739.0,24h,1.54508098087e-22,106,107
107,0.1,Palbociclib,cytosolic,0.210664032236,1.70324956546e-15,2140521.5,24h,5.72291853993e-13,107,108
108,0.31623,Palbociclib,cytosolic,0.0937089189373,0.000905225326354,2583239.5,24h,0.304155709655,108,109
109,1.0,Palbociclib,cytosolic,-0.69025148625,1.3045743123e-65,1109675.0,24h,4.38336968931e-63,109,110
110,3.1623,Palbociclib,cytosolic,0.291781331418,7.21633038196e-19,1824800.0,24h,2.42468700834e-16,110,111
111,10.0,Palbociclib,cytosolic,-0.114671136194,0.0282152677666,2538132.0,24h,1.0,111,112
112,0.01,Palbociclib,cytosolic,-0.330032976025,2.42346199814e-96,29897168.5,48h,8.14283231377e-94,112,113
113,0.031623,Palbociclib,cytosolic,0.104764577448,1.39356859572e-10,32877370.5,48h,4.6823904816e-08,113,114
114,0.1,Palbociclib,cytosolic,0.623778240735,4.10081011632e-204,19189395.0,48h,1.37787219908e-201,114,115
115,0.31623,Palbociclib,cytosolic,0.397070220294,3.7320583212e-80,23752326.0,48h,1.25397159592e-77,115,116
116,1.0,Palbociclib,cytosolic,-0.79278548757,2.51402994245e-209,8924884.0,48h,8.44714060664e-207,116,117
117,3.1623,Palbociclib,cytosolic,1.6312455028,0.0,3700148.0,48h,0.0,117,118
118,10.0,Palbociclib,cytosolic,1.5409139979,0.0,3696981.5,48h,0.0,118,119
119,0.01,Palbociclib,cytosolic,-0.255970919592,7.63405179423e-84,239063176.5,72h,2.56504140286e-81,119,120
120,0.031623,Palbociclib,cytosolic,0.470072941805,9.47285551813e-290,293669201.0,72h,3.18287945409e-287,120,121
121,0.1,Palbociclib,cytosolic,1.05851649318,0.0,135675353.0,72h,0.0,121,122
122,0.31623,Palbociclib,cytosolic,0.599248478199,3.80644501747e-285,154930479.5,72h,1.27896552587e-282,122,123
123,1.0,Palbociclib,cytosolic,0.767973158877,0.0,97631691.0,72h,0.0,123,124
124,3.1623,Palbociclib,cytosolic,0.741538480305,1.90744654016e-247,69599401.5,72h,6.40902037493e-245,124,125
125,10.0,Palbociclib,cytosolic,-0.702757610072,3.39359706183e-150,41487609.0,72h,1.14024861277e-147,125,126
126,0.0003,Trametinib,cytosolic,-0.234459682411,3.20079932798e-14,2669843.0,24h,1.0754685742e-11,126,127
127,0.001,Trametinib,cytosolic,-0.280795143625,1.86419810703e-19,2591954.0,24h,6.26370563962e-17,127,128
128,0.0031623,Trametinib,cytosolic,-0.898891970459,7.8026245758e-179,1410755.5,24h,2.62168185747e-176,128,129
129,0.01,Trametinib,cytosolic,-1.08605919669,3.89933638477e-267,795557.0,24h,1.31017702528e-264,129,130
130,0.031623,Trametinib,cytosolic,-1.31341035526,0.0,314610.0,24h,0.0,130,131
131,0.1,Trametinib,cytosolic,-1.281785008,0.0,233528.5,24h,0.0,131,132
132,0.31623,Trametinib,cytosolic,-1.23221511558,0.0,469429.5,24h,0.0,132,133
133,0.0003,Trametinib,cytosolic,-0.829716519719,0.0,18271606.0,48h,0.0,133,134
134,0.001,Trametinib,cytosolic,-0.126425465293,6.94757221654e-08,24072568.5,48h,2.33438426476e-05,134,135
135,0.0031623,Trametinib,cytosolic,-0.755203286059,6.12573333447e-125,11578911.0,48h,2.05824640038e-122,135,136
136,0.01,Trametinib,cytosolic,-1.41855104972,0.0,990593.5,48h,0.0,136,137
137,0.031623,Trametinib,cytosolic,-1.48683441404,0.0,537130.5,48h,0.0,137,138
138,0.1,Trametinib,cytosolic,-1.4896441157,0.0,671745.5,48h,0.0,138,139
139,0.31623,Trametinib,cytosolic,-1.45997434812,0.0,692589.0,48h,0.0,139,140
140,0.0003,Trametinib,cytosolic,0.648434563755,0.0,205402823.5,72h,0.0,140,141
141,0.001,Trametinib,cytosolic,-0.0134632027174,0.157092958765,221308481.5,72h,1.0,141,142
142,0.0031623,Trametinib,cytosolic,-0.910911559116,2.2837152106e-217,47251590.5,72h,7.67328310762e-215,142,143
143,0.01,Trametinib,cytosolic,-1.78854313635,0.0,11013653.5,72h,0.0,143,144
144,0.031623,Trametinib,cytosolic,-2.05715375453,0.0,4601191.5,72h,0.0,144,145
145,0.1,Trametinib,cytosolic,-1.8131222693,0.0,3561351.5,72h,0.0,145,146
146,0.31623,Trametinib,cytosolic,-1.95571204929,0.0,3091608.5,72h,0.0,146,147
147,0.01,Vorinostat,cytosolic,-0.750678415968,1.17649180913e-150,1471648.0,24h,3.95301247868e-148,147,148
148,0.031623,Vorinostat,cytosolic,0.611947438069,3.58915942874e-77,2252149.5,24h,1.20595756806e-74,148,149
149,0.1,Vorinostat,cytosolic,0.215677230485,9.64518786658e-15,2481590.5,24h,3.24078312317e-12,149,150
150,0.31623,Vorinostat,cytosolic,-0.599386877568,8.72129761897e-71,1449978.0,24h,2.93035599997e-68,150,151
151,1.0,Vorinostat,cytosolic,-0.944840024632,2.0433049314e-230,1023593.5,24h,6.86550456949e-228,151,152
152,3.1623,Vorinostat,cytosolic,-1.0754299302,8.17012674333e-242,752703.5,24h,2.74516258576e-239,152,153
153,10.0,Vorinostat,cytosolic,-1.32562656117,0.0,127368.0,24h,0.0,153,154
154,0.01,Vorinostat,cytosolic,-0.773235104348,0.0,18773657.5,48h,0.0,154,155
155,0.031623,Vorinostat,cytosolic,0.152114178245,2.16992753503e-20,33449183.0,48h,7.2909565177e-18,155,156
156,0.1,Vorinostat,cytosolic,1.0765253057,0.0,14751487.5,48h,0.0,156,157
157,0.31623,Vorinostat,cytosolic,-0.725323842386,0.0,14221285.0,48h,0.0,157,158
158,1.0,Vorinostat,cytosolic,-1.00736775103,0.0,6078256.0,48h,0.0,158,159
159,3.1623,Vorinostat,cytosolic,-1.25094673895,0.0,2087263.0,48h,0.0,159,160
160,10.0,Vorinostat,cytosolic,-1.51507328242,0.0,315475.0,48h,0.0,160,161
161,0.01,Vorinostat,cytosolic,0.0896705783633,8.38864094184e-16,306416790.5,72h,2.81858335646e-13,161,162
162,0.031623,Vorinostat,cytosolic,0.0749599357994,7.1943345763e-07,330350643.0,72h,0.000241729641764,162,163
163,0.1,Vorinostat,cytosolic,-1.07351890394,0.0,146217703.0,72h,0.0,163,164
164,0.31623,Vorinostat,cytosolic,0.720929681165,0.0,151631859.5,72h,0.0,164,165
165,1.0,Vorinostat,cytosolic,-0.546679536406,3.4006308209e-110,64216603.5,72h,1.14261195582e-107,165,166
166,3.1623,Vorinostat,cytosolic,-1.06629380553,4.49726003941e-104,9609448.0,72h,1.51107937324e-101,166,167
167,10.0,Vorinostat,cytosolic,-2.10170702505,0.0,5177283.5,72h,0.0,167,168
